4.7362336086743665633e-05
 9.053020223534209536e-05
2.7461739600385418286e-05
7.8288584611513000974e-05
 4.434145203993723511e-05
1.0713196779002062995e-05
 1.275831518823202766e-05
1.3908987340474962259e-05
2.1274784664285735828e-05
7.5419520971094976226e-05
 1.270761133763362473e-05
8.8343238387416704008e-05
2.9734493526506469902e-05
2.3916417264340639583e-05
4.8848737282142392063e-05
7.2679484953488919367e-05
3.3741570507987207229e-05
3.2948048106836179188e-05
2.0661541577736637268e-05
6.7928310217302438948e-05
