1.2674243064911220328e-05
9.0387286846706313848e-05
8.6491913938192618448e-05
1.7741347070662931754e-05
3.3035693603118738038e-05
1.3219752494813761368e-05
2.0619857367416774693e-05
8.5252503121854971845e-05
4.1555462112443272943e-05
7.2274585805029884248e-05
  4.42962460472696667e-05
  5.71125839078391923e-05
4.7574845872621447044e-05
3.7915804976558228434e-05
8.0452374927910232701e-05
8.8170606679362526848e-05
1.9794060489998224165e-05
9.9985324125730120205e-05
1.4172287017187237953e-05
8.8007528077814508433e-05
