4.5561620143969372497e-05
6.0220444910330910297e-05
4.4627957308957336981e-05
4.4496953442924176128e-05
7.8186495671135605918e-05
4.2979652738654824018e-05
8.8196017466576776271e-05
 7.585840358205996059e-05
6.8900993954809850437e-05
7.4618508333628306354e-05
7.3697321919583407023e-05
1.4089453487698666546e-05
 1.806772559791230894e-05
6.8952352976869954893e-05
7.1453541257164232482e-05
5.7767175258028871578e-05
2.5826248110191090193e-05
1.7077933725471574418e-05
9.2823254574473604978e-05
2.8324506873416023913e-05
