 -8.2477869841958337815
  8.3041462883372538784
 -5.7460843390999754021
 -8.3477175086027557427
 -7.6588206496829265291
 -9.1308804599712054539
 -2.7895104621022523972
  1.9424764916498560297
 0.12615754996713235414
  2.0893431331912708515
 -3.5262806695077015817
  -3.122985376800869517
  3.4049249891680322122
 -6.7422324536564914865
  8.3018701108181218729
  -5.981707154997488729
  -3.817931350934286705
  -6.977399151063245597
 0.38776944060240303713
  5.4230758631243709544
 -4.9745441942822861137
   -8.58258974136905195
 -4.7248843457665685719
  5.9633125995580620327
 -8.1992290465623263174
 -3.6258342080404206698
 -4.2193344238769885379
  3.2174639346625006908
 -2.2326885590947647131
 -9.0382711005109683811
 -1.9220721323145895099
-0.98047554329059849465
  8.7658751878262854973
   1.831843537433000435
 0.17180694810664576266
 -8.3929454707042054906
  2.2009630774617949811
  6.8822964948519604889
  3.0495310209456523154
 -7.1728793814186371236
-0.52836038080433311848
  9.0232503514379480691
-0.79586475821950664056
 -6.6234354004838662533
 -7.2189821110661060999
 -1.9939946562489474502
 -3.1051425466337905235
  -1.536913453152828346
 0.52860620153537318799
  6.7826268939686116255
