-0.87946646422122931597
 -5.4089828093578029566
 -4.3115761756485220246
  6.9127454501170433332
  -2.972047297736652105
  1.4208281372770787954
  6.5879644344504768583
  9.4530072619454017513
 0.41829854735094151863
 -8.2615389201145319475
  3.4333267591117540007
  5.3254700150925060598
  7.8280135979075033958
 -0.4263661757234320504
 -8.4961350441426670699
  7.4518082185889618074
 -5.0221476215041001012
 -2.9430120219211151067
  4.4766694561004030106
  7.8864733213030149273
 -9.4515963920632355411
  7.3371836716947989032
  8.8832412561789340089
 -5.8780601880876623966
 0.21701762928488577131
  -5.594460859705908895
  8.2512939154409323805
 -7.6663665462594323685
  8.1992005269039438531
  3.5198762610181599797
 -7.7166921727902684225
 -2.6802659373172863511
  8.1108934516603561349
 -2.0282683484387895589
 -5.7675204965134714286
 -4.8611538460762959701
  9.3925597981515167589
 -9.1795560713762220928
 -5.4081465934441173005
-0.18914166381076924495
 -7.4410949914907558167
  8.0251801656676349239
 -4.8636716580314898195
 -9.6130814028964763907
 -2.4011860100557953501
 -3.3598067021741560012
  7.8387268250057147156
  2.5766663684401045487
  3.6971812759047288921
  2.3153962717928919801
 0.46313968042989195339
   4.245584883841493351
-0.34742006582553486282
-0.65361906339117226139
  8.3675247050670549243
  9.8695975634593509085
  3.7519200769029197318
  6.6188186111947615586
 -7.7967689921133072062
  1.9511206038068618085
 0.13869486289969401582
 -5.5134611649035756287
  9.2708546664895727929
 -1.7504116854399498493
  2.4582704959708596704
 -6.4966658393371226055
  3.3884344684837550687
  1.8508302848091489068
 -5.6762219107133438101
  7.9802878750396359919
 -8.3383113883148460843
 -3.1173169022040978504
  6.0054680313940487224
 -3.2019830463463359038
 -2.7303983051005742411
 -6.3957179879749741502
   3.438210260792732953
 -4.8916714894080870479
  6.1809483804651286221
 -2.8646084726157639011
  7.4237247823848022676
 -3.3559119391049776482
 -8.6190235887742705501
 -2.9236952927539574532
  5.9904689975038483141
  9.7485011162927861506
 -3.0540977292946056565
-0.25761093490645770032
   6.367319718174321963
-0.85086672140791286267
  -8.306490340412821638
 -3.4939854282392124318
  3.6356721230017363666
 -9.0356356832364745912
  4.7556028863208368307
 -3.9060573903406305973
 -5.5323015225735971967
 -1.8559626545086320704
   7.944772894468520974
 -1.2085234332869401186
