   0.088844621083161157138   -0.060379240317446764008
   0.066718306004404245857   -0.037117166927604555715
   0.052401797358133744842   -0.063540015818336986753
   0.047243345876803316541   -0.008334037060073601344
    0.05154795155466904838   -0.018912586112931645266
   0.083403308449035193362    -0.03398005237522537525
   0.083587722379522277905   -0.019984897188835254456
   0.045041430483125817485    -0.06185463865373965614
   0.040323331598343017945   -0.055824761724017915587
   0.065547960747754194233   -0.060405551437477375543
   0.091774191144748690219   -0.075724361033981835156
   0.070043471115661545823   -0.029301772559667829676
   0.092567917514856878913   -0.075375711580447729565
   0.018523704734874753275   -0.095174595618236157435
   0.026226467185759206463    -0.01294436874470876464
   0.081286692098382254401   -0.026136112504702116444
  0.0053404144501967400552   -0.093955243655459610985
   0.080499812858411956551   -0.052733306657864388589
   0.037537457718298521125   -0.083997612299396479107
   0.050169326760884994099   -0.084773605030390261628
   0.028689957190626280692   -0.051507786266276514575
   0.018622432518108949367   -0.057099754715850464803
   0.064626774594479602376  -0.0037924264575319444059
  0.0053436947080044540706   -0.028052631918365433794
    0.05474124981776869181   -9.92667861745150093e-05
    0.01078702193255863355  -0.0075718152372035302244
   0.071130917394129064557   -0.023340303415125371322
   0.053223014368313836808   -0.081987683420063794948
   0.029630492734550730599   -0.095503124732292790644
   0.027640388080682788685   -0.010266966237810898344
   0.056865981620208352898   -0.036727140441875513743
   0.018475113771145752761   -0.055882365049739542162
   0.094358694085087013725    -0.04738413316541544712
  0.0092677789317759610294 -0.00026715626021248106703
   0.065718459694515202196   -0.064216402156379262522
   0.045906645639756070432   -0.066296719324913211402
   0.092671087380811145717    -0.03424720868200399615
   0.049306182027471334717   -0.084201299391780656811
   0.090948076122881887917    -0.02815135797865286893
   0.032994418932588032156   -0.090071970452588037692
   0.014854142728659392239   -0.044606850782691900847
   0.082722267221064432752  -0.0038757190126346985348
  0.0030378900482495754636    -0.01937374296568974974
  0.0074220601969501309725   -0.019982562363139610984
  0.0012459719559391848123   -0.099050314677436995803
   0.029264357234008775421   -0.032318111756964640335
   0.088708752295332385374   -0.046118674914407853382
  0.0065863864061359248675   -0.093005558332896587359
  0.0097641700458546039354   -0.085051418461395161819
   0.026246210013630900948   -0.030116287213804340817
   0.056755713167020917231    -0.07777916331672071748
   0.038454127236480888097   -0.036559204727671670843
   0.044868642531739853785    -0.08721604192965480562
   0.021382487761500520995   -0.081571589820818787842
   0.043797821944485337831   -0.064611836692603230592
   0.099609892396074678489   -0.087315308762395432707
   0.032169509694059149341   -0.089143405104588444021
   0.014928739338614395102   -0.087952140107728615792
   0.052832906717822383791   -0.069302992182459222104
   0.061800002475176009364   -0.084646529836881229114
   0.042569127419297178583   -0.098219106392105626213
  0.0096988883380307311377   -0.006030132624334716418
   0.080275116246321762126   -0.040528894886620758786
   0.036927821504384193696   -0.045603239557521074721
   0.018966667269806693902   -0.006297288931113337318
   0.045993575894270832816  -0.0047452970430000157576
   0.082834467144140264128   -0.011899958882434266694
   0.011637754650617837537   -0.040544497659683459423
   0.095299757921742167532   -0.088946596434780672569
   0.073782543220456006661   -0.040051316907653268518
   0.044632173583205869694   -0.030616468112271505442
    0.01015390065040155422   -0.033553447217472581743
   0.056504810394954321784   -0.043927035920287960113
    0.04767006363145544906   -0.049990211124527367259
   0.017575960847351679989   -0.053536009627178318682
    0.05775078235089349532   -0.042977350597724950365
   0.076934420912030343498    -0.08230832292805813355
  0.0062847131426840624133   -0.099654684541586185942
   0.064337168757029425392   -0.035982908884055406218
   0.086698590957884957842   -0.067359741342887163862
   0.032530923156314964229    -0.02977097175539050733
   0.021092881924050340542   -0.013762072200776104269
   0.025152718194365836918  -0.0039189460705588430312
   0.077399565688054811075   -0.016987013685045307398
   0.042475369685550858068   -0.095333662068161031944
   0.068950540138851171279   -0.068530782763162073623
   0.077009458037563358057  -0.0043023224474407345541
   0.074644879379610007408   -0.084477067126183344459
   0.083879279477465568116   -0.056482922870890669986
   0.029842364755385725889   -0.073605314676466082613
   0.036444881808219885266   -0.069123596963064568022
   0.026448406896762741147   -0.054702029262996297587
   0.039541253093416460496   -0.079635447347366938864
    0.01671999805454164531  -0.0096524918031191953016
   0.063376228401146941782 -0.00030526877395123386272
   0.058507920363223143989   -0.085932736325046388259
   0.062713573948812481595   -0.014397788892685337014
   0.046210695498721067465   -0.012205227702951626512
   0.070145675013840988465   -0.026477233984729856009
   0.058013331870554629699  -0.0033443853274660179098
