 0.0024090983450455131371  -0.087398302549216114188
  0.014778717427877108986  -0.083461377855139504134
  0.031536487364925668009  -0.043743766212716597708
  0.093885509992896354348  -0.016593362771250938503
  0.086466921254278600317  -0.033416291248712828854
  0.034853340841295821217  -0.087539810914331966929
  0.029019170966473953333  -0.081885881434141605251
  0.088149930251832098183  -0.064725455392489888995
  0.027660037822863105944   -0.09000606135931149554
   0.06332319544783010512  -0.029294183817363428357
  0.097056540985152373047  -0.032505893023920193197
  0.029247040734275732421  -0.076064504345909000893
  0.057850225063902430134  -0.035445864841083932206
  0.053617104447268464085  -0.019185490170114435915
4.7661084703942702134e-05  -0.077360429557673832113
 0.0084284263236580562323  -0.054322604254969680815
  0.022722595195622464354  -0.018554734959525392979
 0.0066797138222864432464  -0.010868819249267136495
0.00062525672867207453438  -0.083820331368511705183
  0.061111655440699158559  -0.066622954032673945002
