  0.010538696148683641962  0.0043071543072849306777    0.01662524242728261395   0.013024103070154833747   0.012504427569221905972    0.00306452262358019277  0.0075632800010793288167  0.0066355145380997638746   0.018944448660567613646   0.008230301220077231375
  0.016221924683182464139   0.012185357935812957467   0.012788435515383460642   0.018553618341010817694   0.018003168319353446414 0.00010947451000543063069   0.013659495838759232872  0.0046645820535088809364  0.0045206752254258256163  0.0088476966362668659632
  0.013937734772422228843   0.010989823337173939069   0.015345865793221566756   0.011347793401846566555   0.011971520042033643311   0.015996068825943426939   0.018319751666076366375   0.002099778140941531944  0.0054501799705671980997  0.0065635148373262564014
   0.01452758388338963591  0.0028583430512148623806  0.0023356643050609451374   0.012064306126937412306  0.0071019138987650698089   0.013162484491785282972   0.019225065596040834259   0.016006988182667172826  0.0085716925787607638199   0.019059575357967789566
  0.006426742983249362183   0.019900488350494061757  0.0046263811386313205554 0.00078799700401164466529  0.0025843937520796411191  0.0094909976466982619303  0.0079422558415412243538  0.0016116908572668632235  0.0045778089317389802915   0.012296024594593803897
0.00084801192434877717668  0.0023504025593169041233   0.019132768790765090211   0.015624043166462351501  0.0062674577190854853168   0.015228195318592803106   0.018315745274683343374  0.0007639603786002657727  0.0030068625337476206569   0.010872685951587133732
  0.002426302126807301611  0.0091060739146108151537   0.018103361417587549714   0.015810614896850015004  0.0019268762888046330958  0.0081373991389467378171  0.0025107294798412962099  0.0054184980250049840853  0.0086315559170355819762  0.0084560538495220497618
 0.0037507154158087055613  0.0044513137193635636535  0.0027473289718606187272  0.0032324904870393179196   0.018097007739402825449   0.015137781060830588289  0.0027332313092114546467  0.0042817437761843877772  0.0021185828010172502896   0.019904416231394009285
 0.0039346979204261198909   0.017749525922233947567   0.014482393038683753772   0.014693768711152379453   0.015491431670026589718   0.003052257524361954525   0.010257396097414845509   0.019397322563173863275   0.011437668749800729978   0.014560820364654445888
  0.010304480861082897236   0.011554790926889884836   0.011650966560305547198   0.016754073294230772961   0.017718265493269203664   0.018001052559353900029   0.015422360932185484594   0.005243299726975755512 0.00078735495022840603502   0.019876783722954236705
 0.0020334501667103968038  0.0086350650753057867082  0.0067018565659885554614  0.0032801560141519437233  0.0052568999050450048588  0.0082608459555827302989  0.0068882430470028170599  0.0039197935554756745472  0.0055841963298545209057  0.0073233133961089482908
  0.019250247943797264144   0.017497915335697084016  0.0021650220370688579193    0.01359310525171137686    0.01523680574038848573   0.018706700316959385538  0.0003612730840040712316   0.013380432107197321595   0.017434870124531383351    0.01940389084601955999
  0.012781221509343581796  0.0034303278398841287669  0.0088945571374588455055  0.0011130447411504785452  0.0075559721829164643025   0.016485603505971658383   0.019482837840673904867   0.014166391135270890375  0.0053911271437029955819   0.002189918664372487913
  0.011899478562129419193    0.01755641678234395528  0.0018503900532845364395   0.010250246548210386124   0.013950459814607379938  0.0084373761939058895126   0.015338985284482587954   0.014137487697479076895  0.0026098949194931875088  0.0043326837496518557161
 0.0015718343954402181489  0.0095754007015262741082   0.012697667178091438453  0.0019362008580640899507  0.0034997524151111725037 0.00026188460190868179328   0.012365596989339961917  0.0065760495637431975666  0.0023814917459997774797   0.018501941784518742551
 0.0086159146244711784512  0.0066895039783276171244  0.0093351139730471731359   0.019248511278651892625   0.014704776236184302282   0.012825597865891456839 0.00067692556450000271936  0.0026493870572416988035  0.0061243486898598957155   0.016055995186816898745
 0.0085044440387303209261  0.0077226328047563476062     0.0124910439143381298 0.00073895074461537873286   0.010011785975662892967   0.018002089261078317584   0.010373255652549330172  0.0016633162655231160509  0.0034570470095877750029   0.010968693807240898971
 0.0027972310142578703414    0.01955057756023042756    0.01739305724268455644 0.00071588965166168754602   0.011211021212493546897  0.0088558207959196621334   0.011245052763840673177  0.0084411994779674346528   0.015650441868067927614   0.019341096253758807699
0.00031072190977200932335 0.00077028349077807873723  0.0050361352064815043811   0.015593363864157983728   0.019238444864395281425  0.0062165689311067433634   0.015380567449787897402  0.0066922715244313105143  0.0017759727694913619161  0.0067911122025880558961
  0.013225833761145283293  0.0059160773949306823954  0.0062183634313840250446    0.01307989069869736759   0.013732158771591333746  0.0015228778876005099729    0.01868499785600463009 0.00035203746536375813943  0.0088681537047345902758   0.011016257596675427602
 0.0051046743826496767185  0.0053604261415826281664  0.0093192529535476367752   0.009886389546974743911   0.019577183853637977751   0.014931694238880506218   0.013611647502338349025  0.0076352454291820741339  0.0097799676516000036419    0.01025211080454853721
 0.0079798299204464212542   0.010517011382857807678  0.0096141480792379697962   0.017996172475626771858   0.018070360933463255199  0.0037382207548889434534  0.0038627605437593351065   0.001383025078746967897   0.013100044388836270398  0.0053237050982768213334
 0.0019568193154208459589   0.019500980842626178258   0.010360982022416302673  0.0032647798598114310259   0.009234545877778225359  0.0059847653778198955585    0.01046161482597776464  0.0036814761924005468159 0.00066053649441364054116   0.003631421273402599733
  0.016507263982904731014  0.0042981144619631183809    0.01659618867402718953  0.0058340985261993941885  0.0023347174945914741552   0.002287797621585334687  0.0067284900726417495517   0.010261368421028075129 3.6166515218171158268e-05   0.015683976009340946933
  0.005568595512569227482   0.011312728790246289606 0.00099283411213794471074   0.010930749527612118946  0.0011380103980833712347  0.0049746849690446093631  0.0094570245358427170584  0.0093729082538620139831  0.0074861230829200353307  0.0015266579024152172623
  0.019437964167184181713   0.012063498130097752639  0.0044328909760494210682 7.3767211322564035119e-05   0.019195533310619898593   0.016375943327497664848   0.015999984022229903763   0.018788953190105480567   0.005316098921613813047   0.012490906227608634602
 0.0067823642244480390751  0.0075945453101743691168   0.018333622095330442264 0.00029128037406656926735  0.0045678927305004991127  0.0066939437048015850915    0.01385475819644274055 0.00074250112322275633753  0.0037849140371125724637  0.0055358623739033300734
  0.017936980257712759057   0.013068060732012642608   0.019954217923783799243  0.0012065717117891517404   0.010443185339888179028   0.016612007076205689143  0.0086593635886252681017   0.012538247170177404047   0.008330756560122016402   0.013844547212982805454
 0.0048443449963090695273   0.013616527241476127086  0.0078485699779580215402   0.016913382884540306694  0.0070797040532714237623 0.00026899705653497861611   0.015087980541907242138 0.00075404499692565025992   0.010928435377277636448  0.0058492427532790425976
 0.0073642303083856731558  0.0073286333900544021677   0.015991713467981533148  0.0041229676753855156943  0.0069850232857209737167   0.010187402940442506771   0.013477824904712767604  0.0018173214801667826341    0.01915604616476038885   0.012713802975003516901
  0.017293168016380242036  0.0081199343633465165954   0.016386398000822588461    0.01373647717467345146  0.0037982927001073462162  0.0072631088864352133169  0.0061031810129541820553   0.015266097427935386086  0.0044489905538265548182  0.0093535055543079535095
  0.015383041144992710622   0.017923681548761054294  0.0044738124052406350734  0.0099374859453819162219   0.019584131622493328867  0.0033335196801151712777  0.0026512605336733454341  0.0073895595350254141345  0.0098728840285320224046   0.014079543982669497776
 0.0035861549822549122074   0.019513991325867358767  0.0087801489740517678351  0.0026765860070831083012  0.0049881915957611941762   0.010296877450447938784  0.0071373207341587727864  0.0064819035336756624863  0.0036767213808729872111  0.0015614996019571547418
  0.011230902779489244925   0.019109757700520455664   0.011732263784730929262  0.0050842705765200184656   0.015769812751454212463   0.003259177712378640273  0.0044229326697173207417   0.017365875568876917162  0.0098991705243937529179   0.015917020391634208176
 0.0099106250283823461161 0.00078202459066269212982  0.0068094767103015806445  0.0020017920630061025733  0.0066860455212583982595   0.016496004171900453816  0.0018763261204009528717   0.003396547708379360573   0.018444576607292786224   0.013139119331324063122
  0.010012897974817500796   0.019414479667048192835   0.013406530121996313928  0.0034645830110947529665  0.0075725853478408357289   0.019787875106459424518   0.015079576575699995405  0.0080935944002557529825  0.0082545303126119688036    0.01385752420586418461
  0.012078914713151247748  0.0014601602505241340502   0.010865032566182795254  0.0007083137336691436867  0.0020372704612264735599   0.018487373030971445548  0.0027386779350874381617   0.018129835956790407714   0.012906033067454598245  0.0067897063432213414919
  0.012336927155189648594  0.0098880985145867322794  0.0049128381185759044045    0.01781240696916934485  0.0086129218100630313554  0.0046334033108471903498  0.0043870556002422490816  0.0088150457333843433572  0.0070761325243283677844   0.001595173180846112251
  0.013763613390626205923  0.0038657933864117578066   0.016153859093856932222  0.0066970734981340700187  0.0056695930779304326216   0.014925656157976788588   0.017812807884911453088   0.012375338176440139892    0.01037311311362921866   0.013761940427944967941
  0.016013612633577367639    0.01920968618207130954  0.0053474255955533248064   0.015402082444821524332   0.017528702131253064145  0.0015396305553333977049   0.012996074041815509209   0.017527158510651050238  0.0043437018079421022693  0.0013505266985625618593
 0.0026414080069593194426  0.0014428894321633922455   0.016563804688194676273   0.014566480254086888388  0.0063311873033322328685  0.0026344558608878665927   0.019809416541740957479   0.014058345460360100604  0.0078634874745567746868  0.0014719568944871232186
  0.015797063557336600559    0.01250085846171754278  0.0028557156598454881344  0.0099772295122860128747   0.010926492982975438348  0.0031865021135595171693  0.0047010509226010424588   0.016295131731915817042   0.015957309443483738698  0.0010852538240539155983
  0.015263860568061407563   0.016707601508455165867  0.0075124476326221822919   0.008995187687219673503   0.012765507862328322186 0.00024633086297955907778   0.013357347125819580766   0.010907590608535145879  0.0017785719231602603162 0.00075441754458212219227
  0.015422629525616127211  0.0048732172813607463335  0.0054583618163402949572   0.015679525004550595724   0.013887159486248697171   0.019120059376172750948   0.019292254373101638126    0.00822473658631776329   0.013254614618259767667  0.0036618755588596106978
 0.0076965421101527955322   0.010057275234748270371  0.0047061057131300241402 0.00022747606049639879956  0.0048769527882695905968   0.011623878307465407983 4.0036207083629094786e-05   0.010432619420081666248   0.018567204372290150444  0.0054179375737057715312
  0.016835694963501623977  0.0062830022006682131538 0.00021011481071362081647   0.010931388545283762803   0.016265260277439495123 0.00050821546488824087106  0.0057229441058463158612   0.017483640172278342578  0.0041600636691600375791   0.019256359329100865285
 0.0040385441407740788403   0.011562721259688362591   0.014793475789387467226    0.01492803627388926066  0.0085919357224330007716   0.011945657232750980098   0.019969179937601638786   0.010874123643559462093   0.019378963308119664249   0.019717870754989735849
  0.016200986158196341996   0.017779908039504618844   0.017197149627468152205 0.00096642680511177861662   0.014888738763932483564  0.0096259675592304978775   0.010413291859632960168   0.012095935694918007186  0.0020242513725647003596   0.016386631390259896041
  0.019632925977759493885  0.0058335797608986411644   0.017603172053398178504   0.011647278196945450024  0.0074762814899330407373  0.0093640362701211295182    0.01696799686968699164  0.0059248396502457750801   0.019810505546541189864   0.018597455573546445295
 0.0043492660505460882178   0.012333004759779669576    0.01982961100518219888   0.010521400128734020168  0.0078303805775150579771   0.018162226163857722594   0.015349747378076308499   0.017566395177303996411  0.0011549360682977993439  0.0065089829482645649231
   0.00942681991002840107  0.0036959854251220748515   0.003415513058852177701   0.014046317503809144581  0.0086208975355238186278   0.011148845456144234473   0.009098289706324362569   0.012447973160281764621   0.010892405077299292804  0.0074028889776220968208
 0.0047376003510959455167   0.011194005902481268463  0.0069224249976325893247  0.0015336677346069681974   0.007053465334257793401  0.0042957304996884106488   0.010579644362712112976   0.013560085079427849214   0.009590473188827965817  0.0088495663687817600201
  0.012329095970992510339  0.0028500161333242512995  0.0094437590751069409867  0.0085175726043607916105  0.0059007415016650880887  0.0019004469094334385752   0.019212507921835646207   0.018949420256050963224   0.014254980457134070609   0.011832688055854611794
  0.011383639225449245294  0.0031969662677482548613   0.013776495081268481241   0.017311097363620575607   0.017855443413302043987   0.017133610833964130898   0.019559904532302125474   0.016129449361995538276   0.011552941581026156606   0.011034310260337923393
 0.0012448643246874514443   0.015492120364444385977  0.0035186136623465524668  0.0073677662608063621691  0.0093881828381624926605  0.0065835281305869708737   0.017308134435353863395   0.003821453491142696654  0.0096266397040461366974  0.0045335423781227056697
  0.017897691483561736087   0.014162744923570540906   0.010436593187244885481   0.019448322131972912291  0.0070387519090616855119  0.0068751318784780477214  0.0086695324483651355768   0.008322328500599754722  0.0017411035307408795521   0.013359345958269827973
  0.010821603383320199318   0.015260464397846005766   0.018209386057317901442    0.01738486457494314158    0.01705097671460871489   0.013509554152148568057   0.015559888545218803282   0.014918402542787792889   0.016869040502639973123   0.003525216478633329438
 0.0080272285584487151899  0.0030866656746187559786    0.00185223574836376856  0.0076590466348729312196   0.013956075568662991773     0.0132774718353885577   0.011162892631796603529  0.0045639546143654528831   0.013411553741158710462   0.010069404752026034008
  0.015834671731961270924  0.0072308056462699575595    0.01039081110171545877 0.00065489383444883536665   0.017481937248949863672  0.0034871389546837373158   0.017328896036990403678 0.00086057566146393151343   0.010071860090862893786  0.0072038931619394074718
  0.015665948379629267978  0.0088769916300089051625  0.0060579560352759234329   0.014298247459483449592  0.0041306807585669126984   0.013778551217996773404   0.010647869087126045004   0.015672447539713439679  0.0077974758799176082866  0.0093744592412255984409
  0.015391458866834389213    0.01041529906467315858   0.017843949225658527896   0.011782014310258446046 0.00094109885438396604935  0.0034648747758310640549  0.0046407175271961451785   0.006381276094532234433   0.012567599896605871623  0.0027832077270295509271
  0.013127839748341516013    0.01535074000961647589  0.0067772090932248212763   0.014391371018435513557  0.0012802299490572088218   0.010750247841118949765  0.0034320770406313606468   0.016126673089399315431   0.014520850644689449471   0.016557398716247360981
  0.011048989515308750911  0.0068006731694567361043   0.010531768440516557639  0.0042357333955521389926  0.0037148123810602407154   0.017112070898111942513   0.013299129620799390872  0.0030620070747388559995   0.017670359908449631559  0.0034540032145818711298
  0.018977613849089299686   0.009929290381227289658  0.0066240981903970697769   0.014458600317341554348  0.0059292904501451609844   0.013761752226279002839     0.0117780382613549197   0.012863179637521123325   0.016244321277478858401  0.0043447073289867056689
 0.0043587425185175341161   0.014460497710136927668   0.018509472877955752274   0.019475641594955531155   0.017050042700511424537   0.014009425553497590472  0.0078550097196619077938   0.013492548658276233911  0.0044200211690832028402   0.012474419107881568741
0.00095961453437787280762  0.0075826977694326540974   0.017341245150818137416  0.0062375254678714679712   0.010400857902318639409   0.013608075070012395913   0.015175455750513568848  0.0064585547831182152714   0.016114936515742417367   0.016593122545905933385
 0.0089905118145935762619  0.0093437700389622565383 3.0628303080157961112e-05   0.017923183328436308182   0.013501875807299222251   0.013549627323425201403  0.0068576148370549155561 0.00095677402846364948547  0.0044988515807776021174   0.018202231534850892014
  0.016437657231668782731   0.015920657960661062369  0.0093745054441385471111 0.00018395531931144848089   0.019087313161737898964   0.012496798584469035603   0.010593687654749344221   0.011622384605753415671   0.017326054236537803688   0.019264125451102911968
   0.01329654169888074694   0.017470796284019388112  0.0022540832600808158662  0.0040499324277275859998   0.019013779712381672499   0.018241478380859585395   0.019562511350755817929   0.015273600525815785034  0.0031910690307575609315   0.018188295726752047587
  0.002754125195906556231   0.013209563425374014345   0.016184487406250315511  0.0046202568172571513785   0.019171468885229654006  0.0084752834814019895743  0.0046704227126531418224   0.013332112204903790245   0.014871964694406821644   0.011964171962795859538
  0.012451269855932924416    0.01513034413341914422   0.014721931039691871917   0.015586037764132972677    0.01661601528367773542   0.014036429139802433091  0.0035897616872516279092  0.0091495431070912364852  0.0016697560351666784848 0.00061465214035224754758
  0.015937949705840063347   0.018913685716182779273   0.018817887948275491272   0.018616412681814475255  0.0053449670064006785455 0.00087593423243422787686   0.019371927883183551189  0.0093319459768626596835   0.011054556505314335618   0.019660252630552394609
  0.018551188753243158525  0.0057104218777783320379   0.019040203066095804513   0.014597486338856392393   0.010097961868205090202    0.01166178559496150631  0.0093714736445674080845   0.009627243927506377863   0.010829274137890558191   0.013049425786849776221
   0.00771513041468110429   0.011837945632561084133   0.002234378672314052492  0.0045812254420394193585   0.009381523136692831652   0.014282760002781991898   0.016947108813071206507 5.7133706313154953009e-05  0.0034483279583269401021  0.0013690696849343697399
  0.011360579222142966338   0.003786902988230298351  0.0042762497553025602751   0.014295937677051841555   0.019232126501962602122   0.019995993608606977415   0.018664182246971961626   0.017556682572493646777  0.0043091711142608773305  0.0033221281800987802202
 0.0062477308633959527731   0.015767697112526603276  0.0037463087699126031323   0.014824962399352790976   0.014974914656474680799  0.0032856638931136883386  0.0094115098516510380805 5.9863338274818156393e-05    0.00939647850086748615   0.018467363360555547752
 0.0045508253781827278511   0.018120947842542523692  0.0024444934830276732543   0.015512613987323183029  0.0056467834141323272265   0.014790975476983457548  0.0026700529096042990157   0.017540773878591497253  0.0076083916368002036529 0.00062542900472200907078
  0.015399123362917044311   0.015349624257231889515   0.019069725554003252171  0.0092239739509411035334  0.0078240622150823769393   0.011941650832044729824   0.018633362175260372723  0.0084308062067398829159  0.0036881344130673143246  0.0030399989257752892471
 0.0024487170122790692488   0.013547605152031223438 0.00094345839738075535502   0.015791389204464566232  0.0098636534204071639464   0.012911631452344186216   0.019824801711283996514   0.012155799033192825342   0.011420729873432186943   0.014853994741502214369
 0.0041837513466289966493  0.0039545275941279380352   4.76655271126258376e-05  0.0071598921749554070987   0.013123064904065367964  0.0041550117377913611122   0.019638049788604516194  0.0034656135195240446445  0.0074188971740281666953   0.019222884578268456535
  0.019748389413463133396  0.0076826290076983296679   0.018899336549872223362   0.019745374079675123702   0.015654442792597433182   0.010103876986589226464   0.013983109553336684275  0.0059972013747306551074  0.0048430704813651141022  0.0095489818833530797082
  0.011875536922307470752   0.017243590577153296989  0.0043589714562329330561  0.0098377066989604883274   0.018484550955930982574  0.0040604768991751964691  0.0089230914082951348631  0.0046037721934745886795  0.0023131349414182524916  0.0022568837191243120745
 0.0089213517070381685714   0.015148533496609207366  0.0069700905340584415337  0.0086935599095623750793  0.0001765302290099346515  0.0084507422374797708936   0.010217694142003401481   0.017025698598951893858    0.01700937036285613338  0.0080724509470502144037
  0.012077485375142416046   0.010532645141022580967  0.0083430956156659383943  0.0082629466747226876233  0.0015551842849492959666    0.01200432390533589036   0.013195617465859102793  0.0049466216214683949789   0.019098050938499186446  0.0013816699298944646809
 0.0032591761384434892249 0.00044055683558832714258   0.018135466537501414297   0.007148804053267838847   0.016339994359919798872  0.0011940877331393252164  0.0084829959312840343827 0.00073322154615690024199   0.013866076522444410399   0.013291193979462233299
  0.010166216031725619148   0.010640653851740367389   0.010488704196404994434   0.016061326170368737248  0.0095647130671724263362   0.015034270368066742635  0.0075258285773572644595  0.0008471520807813626066  0.0066360100575890432553   0.012605993325172919206
 0.0099751768587041534514  0.0046953900645931214569   0.018779688802910823875  0.0077112687973823722254   0.008593936194010980828   0.018879455783813940684  0.0018651499142242355684   0.013268950122068148834 0.00083915446924006319683   0.014741015888164293521
  0.014080779521763687676   0.015701021242747560669   0.016344852585506091519  0.0045336686188977527376   0.013390971074528513346   0.014703641885287893273  0.0040428844671896117108   0.015651624088944691288    0.01073511702508438137    0.01681641045809556187
  0.018193444590174336073   0.013727319526359122934   0.012340939954081989183  0.0037203727959284438147  0.0035207886358354189942  0.0083117422034552981835   0.018688721209153869723  0.0054111066951468157066 4.7563789434528217154e-05  0.0026753980678857302959
 0.0058098485813522010232   0.011926195710863079016  0.0091704998953130566902  0.0083661626411444343226  0.0060758734429608440841  0.0023665947291844503103   0.019194045951214641632   0.014129525783532078179   0.010911014560102958934  0.0019449090407904746046
 0.0097467278920797296993  0.0045780128634432390097   0.002402808611468788564   0.018831916078381201463   0.017521651833095425177   0.008482193093971438988   0.014690753554315656715   0.011324071619344908482   0.018532592905001990524  0.0061908696900079352235
  0.013584903447695497597  0.0041426185817190529573    0.01018488917042728939   0.015502387115500115833  0.0044618874902193853688   0.011776616979286363973  0.0033294387270367889475   0.011792382798992275678   0.012615163686040400254  0.0054586057949152803556
  0.018937688329693717904  0.0072769357204795518876   0.015947708988537877967  0.0027575336502667214915   0.007356103392018052689   0.013116842579616625614  0.0026261229918460005615   0.010256198872931394928  0.0054318652047924062543   0.018502307766351061558
0.00079571739807525519814   0.011378686042213200652   0.012934577051985345769  0.0030676494739333404725  0.0012364642048424412391   0.005594263992083381952  0.0079898831751150471703   0.014386078694083764482   0.016202952804138394394  0.0096448729045898063533
  0.012562517296784798601   0.014071908962946341748   0.016808987360824360902  0.0099609874235284459609   0.010391177940364544618  0.0055383691962521373886   0.015107476988391708647  0.0046555624272001730479  0.0088594849542060327002  0.0098033131332152124299
 0.0032964308482112516033  0.0017374334213032538183   0.014457181857180400816  0.0022331752359090262586  0.0044061460832162512719  0.0071262681238009909987   0.010481132711507908789  0.0037487475218943998485  0.0098518863738756099618   0.010976726864919404345
  0.001755331941766353869   0.018961383811645853015   0.010275822193490258966  0.0093051749418048071427   0.011637322107161078913   0.019202339062095778732  0.0031653389163153900637 0.00084463347720198031238   0.012317889310567589276  0.0062379954504957401892
 0.0015530291020651489087   0.003415679001908600472   0.016839615673217744191  0.0078841707519647537261  0.0038930537383505391807   0.019087996528990566064  0.0019650918161333965142  0.0056123364556638234008   0.013358336534983635685  0.0080055446587528784896
  0.019734088079880033467   0.017658091381964315103  0.0038316872920057211058  0.0024171305552204746039  0.0034934592356409221135      0.019623066708270024  0.0010748203569440261881   0.015371132127647815085  0.0071779406011001859605   0.010240852306709090358
  0.015051873640647099942   0.016432180086352016907   0.012529905462884301237    0.01335510736953239401   0.010651101819542749261   0.017443817433642139908  0.0027278502577579820387   0.016118234003017765238   0.015508958341325148472   0.004426291167934560955
