/*--------------------------------*- C++ -*----------------------------------*\
| =========                 |                                                 |
| \\      /  F ield         | OpenFOAM: The Open Source CFD Toolbox           |
|  \\    /   O peration     |                                                 |
|   \\  /    A nd           | Copyright (C) 2018 Ehsan Madadi-Kandjani        |
|    \\/     M anipulation  |                                                 |
\*---------------------------------------------------------------------------*/
FoamFile
{
    version     2.0;
    format    ascii;
    class       dictionary;
    object      blockMeshDict;
}
// * * * * * * * * * * * * * * * * * * * * * * * * * * * * * * * * * * * * * //
convertToMeters 1.0;
vertices
(
(-8.50014902463 -0.0321447832314 0)
(-0.368019791077 -8.0 0)
(0.500149024632 -8.0 0)
(16.5001490246 -8.0 0)
(16.5001490246 -0.0349196384831 0)
(16.5001490246 8.0 0)
(0.500149024632 8.0 0)
(-0.140515957271 8.0 0)
(-0.500149024632 -0.0321447832314 -0.0)
(-0.140515957271 0.0639086427491 0.0)
(-0.368019791077 -0.0639086427491 -0.0)
(0.500149024632 -0.0349196384831 -0.0)
(-8.50014902463 -0.0321447832314 0.2)
(-0.368019791077 -8.0 0.2)
(0.500149024632 -8.0 0.2)
(16.5001490246 -8.0 0.2)
(16.5001490246 -0.0349196384831 0.2)
(16.5001490246 8.0 0.2)
(0.500149024632 8.0 0.2)
(-0.140515957271 8.0 0.2)
(-0.500149024632 -0.0321447832314 0.2)
(-0.140515957271 0.0639086427491 0.2)
(-0.368019791077 -0.0639086427491 0.2)
(0.500149024632 -0.0349196384831 0.2)
);
blocks
(
// Block 0
hex (0 1 10 8 12 13 22 20)
square
(50 100 1)
simpleGrading
(5 0.02 1)

// Block 1
hex (1 2 11 10 13 14 23 22)
square
(71 100 1)
simpleGrading
(0.5 0.02 1)

// Block 2
hex (2 3 4 11 14 15 16 23)
square
(100 100 1)
simpleGrading
(100 0.02 1)

// Block 3
hex (11 4 5 6 23 16 17 18)
square
(100 100 1)
simpleGrading
(100 50 1)

// Block 4
hex (9 11 6 7 21 23 18 19)
square
(71 100 1)
simpleGrading
(0.5 50 1)

// Block 5
hex (8 9 7 0 20 21 19 12)
square
(50 100 1)
simpleGrading
(5 50 1)

);
edges
(
arc 0 7 (-6.15700327412 5.65685424949 0)
arc 0 1 (-6.15700327412 -5.65685424949 0)
arc 12 19 (-6.15700327412 5.65685424949 0.2)
arc 12 13 (-6.15700327412 -5.65685424949 0.2)
spline 8 10
(
(-0.500149024632 -0.0321447832314 -0.0)
(-0.499850975368 -0.0349196384831 -0.0)
(-0.499059486471 -0.0375958362434 -0.0)
(-0.497784205983 -0.0401365768541 -0.0)
(-0.496027948734 -0.0425418503814 -0.0)
(-0.493794006491 -0.0448118299513 -0.0)
(-0.49108613955 -0.0469468720096 -0.0)
(-0.487908566437 -0.0489475177931 -0.0)
(-0.484265951827 -0.0508144959413 -0.0)
(-0.480163392824 -0.0525487261542 -0.0)
(-0.475606403738 -0.0541513237815 -0.0)
(-0.470600899572 -0.0556236052064 -0.0)
(-0.465153178388 -0.0569670938722 -0.0)
(-0.459269902813 -0.0581835267802 -0.0)
(-0.452958080884 -0.0592748612751 -0.0)
(-0.4462250465 -0.060243281922 -0.0)
(-0.439078439723 -0.0610912072686 -0.0)
(-0.431526187169 -0.0618212962806 -0.0)
(-0.423576482751 -0.0624364542334 -0.0)
(-0.415237768997 -0.0629398378421 -0.0)
(-0.406518719177 -0.0633348594147 -0.0)
(-0.397428220435 -0.063625189816 -0.0)
(-0.387975358133 -0.06381476004 -0.0)
(-0.378169401548 -0.063907761199 -0.0)
(-0.368019791077 -0.0639086427491 -0.0)
)
spline 10 11
(
(-0.368019791077 -0.0639086427491 -0.0)
(-0.357536127051 -0.0638221087944 -0.0)
(-0.346728160234 -0.0636531123246 -0.0)
(-0.335605784057 -0.063406847271 -0.0)
(-0.324179028592 -0.0630887382842 -0.0)
(-0.312458056259 -0.0627044281685 -0.0)
(-0.3004531592 -0.0622597629361 -0.0)
(-0.288174758236 -0.0617607744725 -0.0)
(-0.275633403315 -0.0612136608411 -0.0)
(-0.262839775276 -0.0606247642837 -0.0)
(-0.249804688807 -0.0600005470095 -0.0)
(-0.236539096375 -0.0593475648961 -0.0)
(-0.223054092951 -0.0586724392617 -0.0)
(-0.209360921318 -0.0579818268945 -0.0)
(-0.195470977721 -0.0572823885601 -0.0)
(-0.181395817656 -0.0565807562306 -0.0)
(-0.167147161562 -0.0558834993069 -0.0)
(-0.152736900198 -0.0551970901271 -0.0)
(-0.138177099505 -0.0545278690695 -0.0)
(-0.123480004736 -0.0538820095764 -0.0)
(-0.108658043697 -0.0532654834308 -0.0)
(-0.0936226091025 -0.052678728382 -0.0)
(-0.0783446436155 -0.0520799227275 -0.0)
(-0.0629854017226 -0.0514621886776 -0.0)
(-0.0475592882573 -0.0508294904952 -0.0)
(-0.0320808204691 -0.0501856639588 -0.0)
(-0.0165646168739 -0.0495343956832 -0.0)
(-0.00102538547076 -0.0488792042043 -0.0)
(0.0145220886489 -0.0482234230102 -0.0)
(0.0300629562654 -0.0475701856736 -0.0)
(0.045582317525 -0.0469224132079 -0.0)
(0.061065235919 -0.0462828037412 -0.0)
(0.0764967526939 -0.045653824566 -0.0)
(0.0918619016384 -0.0450377065918 -0.0)
(0.10714572419 -0.0444364411968 -0.0)
(0.122333284808 -0.0438517794393 -0.0)
(0.137409686545 -0.043285233563 -0.0)
(0.152360086782 -0.0427380806987 -0.0)
(0.167169713058 -0.0422113686411 -0.0)
(0.18182387896 -0.0417059235522 -0.0)
(0.196308000023 -0.0412223594234 -0.0)
(0.210607609607 -0.0407610891102 -0.0)
(0.224708374731 -0.0403223367384 -0.0)
(0.238596111813 -0.0399061512681 -0.0)
(0.252256802328 -0.0395124209949 -0.0)
(0.265676608349 -0.0391408887645 -0.0)
(0.278841887968 -0.0387911676742 -0.0)
(0.291739210603 -0.0384627570387 -0.0)
(0.304355372176 -0.0381550584045 -0.0)
(0.316677410176 -0.0378673914046 -0.0)
(0.328692618605 -0.0375990092604 -0.0)
(0.340388562817 -0.0373491137496 -0.0)
(0.351753094257 -0.0371168694788 -0.0)
(0.362774365095 -0.0369014173168 -0.0)
(0.373440842764 -0.0367018868678 -0.0)
(0.38374132441 -0.036517407882 -0.0)
(0.393664951222 -0.0363471205289 -0.0)
(0.403201222661 -0.0361901844774 -0.0)
(0.412340010558 -0.0360457867527 -0.0)
(0.421071573054 -0.0359131483616 -0.0)
(0.429386568373 -0.0357915297004 -0.0)
(0.437276068374 -0.0356802347797 -0.0)
(0.44473157186 -0.0355786143203 -0.0)
(0.451745017586 -0.0354860677916 -0.0)
(0.458308796918 -0.0354020444798 -0.0)
(0.464415766096 -0.0353260436849 -0.0)
(0.47005925803 -0.0352576141586 -0.0)
(0.475233093568 -0.0351963529004 -0.0)
(0.479931592188 -0.0351419034375 -0.0)
(0.484149582025 -0.0350939537138 -0.0)
(0.487882409181 -0.0350522337165 -0.0)
(0.49112594626 -0.0350165129629 -0.0)
(0.493876600052 -0.0349865979668 -0.0)
(0.496131318327 -0.0349623297955 -0.0)
(0.497887595668 -0.0349435818191 -0.0)
(0.499143478322 -0.0349302577401 -0.0)
(0.499897568002 -0.0349222899801 -0.0)
(0.500149024632 -0.0349196384831 -0.0)
)
spline 8 9
(
(-0.500149024632 -0.0321447832314 -0.0)
(-0.499944473182 -0.0293085325229 -0.0)
(-0.499235966606 -0.0264122815252 -0.0)
(-0.49802264556 -0.0234581595197 -0.0)
(-0.496304151782 -0.0204490201953 -0.0)
(-0.494080635029 -0.0173884270047 -0.0)
(-0.491352760848 -0.0142806337072 -0.0)
(-0.488121719042 -0.0111305602583 -0.0)
(-0.484389232675 -0.00794376424475 -0.0)
(-0.48015756746 -0.0047264080935 -0.0)
(-0.475429541303 -0.00148522231979 -0.0)
(-0.470208533812 0.00177253489453 0.0)
(-0.464498495537 0.0050391214725 0.0)
(-0.458303956702 0.00830635821975 0.0)
(-0.451630035202 0.0115656782435 0.0)
(-0.444482443612 0.0148081786304 0.0)
(-0.43686749499 0.018024673986 0.0)
(-0.428792107241 0.0212057514282 0.0)
(-0.420263805834 0.0243418266194 0.0)
(-0.411290724676 0.0274232004201 0.0)
(-0.401881604979 0.0304401157448 0.0)
(-0.392045791965 0.0333828142099 0.0)
(-0.38179322929 0.0362415921666 0.0)
(-0.371134451107 0.0390068557286 0.0)
(-0.360080571689 0.0416691744177 0.0)
(-0.348643272609 0.0442193330718 0.0)
(-0.336834787468 0.0466483816819 0.0)
(-0.324667884226 0.0489476828513 0.0)
(-0.31215584519 0.0511089566003 0.0)
(-0.299312444793 0.0531243222693 0.0)
(-0.286151925274 0.0549863373102 0.0)
(-0.272688970439 0.0566880327892 0.0)
(-0.25893867768 0.0582229454621 0.0)
(-0.244916528464 0.0595851463211 0.0)
(-0.230638357525 0.0607692655507 0.0)
(-0.216120320983 0.0617705138658 0.0)
(-0.20137886365 0.0625847002462 0.0)
(-0.186430685765 0.0632082461124 0.0)
(-0.17129270942 0.0636381960264 0.0)
(-0.155982044913 0.063872225028 0.0)
(-0.140515957271 0.0639086427491 0.0)
)
spline 9 11
(
(-0.140515957271 0.0639086427491 0.0)
(-0.124911833166 0.0637463944711 0.0)
(-0.109187148436 0.0633850593135 0.0)
(-0.0934606562199 0.0628306052367 0.0)
(-0.0777917721614 0.0621352037703 0.0)
(-0.0620497825783 0.0613131824886 0.0)
(-0.0462509757978 0.0603672663452 0.0)
(-0.0304116497969 0.0593004735741 0.0)
(-0.0145480929409 0.0581161002639 0.0)
(0.00132343473413 0.0568177050158 0.0)
(0.0171867196926 0.0554090938541 0.0)
(0.0330256125273 0.0538943055321 0.0)
(0.0488240450569 0.0522775973548 0.0)
(0.0645660469087 0.050563431616 0.0)
(0.0802357616097 0.0487564627181 0.0)
(0.0958174622107 0.0468615250205 0.0)
(0.111295566469 0.0448836214347 0.0)
(0.12665465162 0.0428279127595 0.0)
(0.141879468758 0.0406997077264 0.0)
(0.156954956857 0.0385044537012 0.0)
(0.171866256451 0.0362477279688 0.0)
(0.186598722988 0.0339352295103 0.0)
(0.201137939876 0.0315727711632 0.0)
(0.215469731221 0.0291662720466 0.0)
(0.229580174272 0.0267217501194 0.0)
(0.243455611552 0.0242453147379 0.0)
(0.257082662685 0.0217431590704 0.0)
(0.270448235894 0.0192215522311 0.0)
(0.283539539148 0.0166868309969 0.0)
(0.296344090953 0.0141453909764 0.0)
(0.308849730741 0.0116036771117 0.0)
(0.321044628836 0.00906817340469 0.0)
(0.332917295982 0.0065453917749 0.0)
(0.344456592375 0.0040418599719 0.0)
(0.355651736192 0.00156410848615 0.0)
(0.36649231159 -0.00088134357904 -0.0)
(0.37696827613 -0.00328800368924 -0.0)
(0.387069967629 -0.00564942210665 -0.0)
(0.396788110417 -0.00795920913363 -0.0)
(0.406113820977 -0.0102110533187 -0.0)
(0.41503861298 -0.0123987405498 -0.0)
(0.423554401711 -0.0145161739371 -0.0)
(0.431653507895 -0.0165573943687 -0.0)
(0.439328660934 -0.0185166016036 -0.0)
(0.446573001592 -0.0203881757472 -0.0)
(0.453380084144 -0.0221666989447 -0.0)
(0.459743878029 -0.0238469771108 -0.0)
(0.465658769055 -0.0254240615072 -0.0)
(0.471119560188 -0.0268932699726 -0.0)
(0.476121471991 -0.028250207605 -0.0)
(0.480660142752 -0.0294907866966 -0.0)
(0.484731628367 -0.0306112457232 -0.0)
(0.488332402021 -0.0316081671947 -0.0)
(0.491459353732 -0.0324784941831 -0.0)
(0.494109789806 -0.0332195453542 -0.0)
(0.496281432251 -0.0338290283424 -0.0)
(0.497972418198 -0.0343050513252 -0.0)
(0.499181299369 -0.0346461326722 -0.0)
(0.499907041627 -0.0348512085618 -0.0)
(0.500149024632 -0.0349196384831 -0.0)
(0.500149024632 -0.0349196384831 -0.0)
)
BSpline 20 22
(
(-0.500149024632 -0.0321447832314 0.2)
(-0.499850975368 -0.0349196384831 0.2)
(-0.499059486471 -0.0375958362434 0.2)
(-0.497784205983 -0.0401365768541 0.2)
(-0.496027948734 -0.0425418503814 0.2)
(-0.493794006491 -0.0448118299513 0.2)
(-0.49108613955 -0.0469468720096 0.2)
(-0.487908566437 -0.0489475177931 0.2)
(-0.484265951827 -0.0508144959413 0.2)
(-0.480163392824 -0.0525487261542 0.2)
(-0.475606403738 -0.0541513237815 0.2)
(-0.470600899572 -0.0556236052064 0.2)
(-0.465153178388 -0.0569670938722 0.2)
(-0.459269902813 -0.0581835267802 0.2)
(-0.452958080884 -0.0592748612751 0.2)
(-0.4462250465 -0.060243281922 0.2)
(-0.439078439723 -0.0610912072686 0.2)
(-0.431526187169 -0.0618212962806 0.2)
(-0.423576482751 -0.0624364542334 0.2)
(-0.415237768997 -0.0629398378421 0.2)
(-0.406518719177 -0.0633348594147 0.2)
(-0.397428220435 -0.063625189816 0.2)
(-0.387975358133 -0.06381476004 0.2)
(-0.378169401548 -0.063907761199 0.2)
(-0.368019791077 -0.0639086427491 0.2)
)
BSpline 22 23
(
(-0.368019791077 -0.0639086427491 0.2)
(-0.357536127051 -0.0638221087944 0.2)
(-0.346728160234 -0.0636531123246 0.2)
(-0.335605784057 -0.063406847271 0.2)
(-0.324179028592 -0.0630887382842 0.2)
(-0.312458056259 -0.0627044281685 0.2)
(-0.3004531592 -0.0622597629361 0.2)
(-0.288174758236 -0.0617607744725 0.2)
(-0.275633403315 -0.0612136608411 0.2)
(-0.262839775276 -0.0606247642837 0.2)
(-0.249804688807 -0.0600005470095 0.2)
(-0.236539096375 -0.0593475648961 0.2)
(-0.223054092951 -0.0586724392617 0.2)
(-0.209360921318 -0.0579818268945 0.2)
(-0.195470977721 -0.0572823885601 0.2)
(-0.181395817656 -0.0565807562306 0.2)
(-0.167147161562 -0.0558834993069 0.2)
(-0.152736900198 -0.0551970901271 0.2)
(-0.138177099505 -0.0545278690695 0.2)
(-0.123480004736 -0.0538820095764 0.2)
(-0.108658043697 -0.0532654834308 0.2)
(-0.0936226091025 -0.052678728382 0.2)
(-0.0783446436155 -0.0520799227275 0.2)
(-0.0629854017226 -0.0514621886776 0.2)
(-0.0475592882573 -0.0508294904952 0.2)
(-0.0320808204691 -0.0501856639588 0.2)
(-0.0165646168739 -0.0495343956832 0.2)
(-0.00102538547076 -0.0488792042043 0.2)
(0.0145220886489 -0.0482234230102 0.2)
(0.0300629562654 -0.0475701856736 0.2)
(0.045582317525 -0.0469224132079 0.2)
(0.061065235919 -0.0462828037412 0.2)
(0.0764967526939 -0.045653824566 0.2)
(0.0918619016384 -0.0450377065918 0.2)
(0.10714572419 -0.0444364411968 0.2)
(0.122333284808 -0.0438517794393 0.2)
(0.137409686545 -0.043285233563 0.2)
(0.152360086782 -0.0427380806987 0.2)
(0.167169713058 -0.0422113686411 0.2)
(0.18182387896 -0.0417059235522 0.2)
(0.196308000023 -0.0412223594234 0.2)
(0.210607609607 -0.0407610891102 0.2)
(0.224708374731 -0.0403223367384 0.2)
(0.238596111813 -0.0399061512681 0.2)
(0.252256802328 -0.0395124209949 0.2)
(0.265676608349 -0.0391408887645 0.2)
(0.278841887968 -0.0387911676742 0.2)
(0.291739210603 -0.0384627570387 0.2)
(0.304355372176 -0.0381550584045 0.2)
(0.316677410176 -0.0378673914046 0.2)
(0.328692618605 -0.0375990092604 0.2)
(0.340388562817 -0.0373491137496 0.2)
(0.351753094257 -0.0371168694788 0.2)
(0.362774365095 -0.0369014173168 0.2)
(0.373440842764 -0.0367018868678 0.2)
(0.38374132441 -0.036517407882 0.2)
(0.393664951222 -0.0363471205289 0.2)
(0.403201222661 -0.0361901844774 0.2)
(0.412340010558 -0.0360457867527 0.2)
(0.421071573054 -0.0359131483616 0.2)
(0.429386568373 -0.0357915297004 0.2)
(0.437276068374 -0.0356802347797 0.2)
(0.44473157186 -0.0355786143203 0.2)
(0.451745017586 -0.0354860677916 0.2)
(0.458308796918 -0.0354020444798 0.2)
(0.464415766096 -0.0353260436849 0.2)
(0.47005925803 -0.0352576141586 0.2)
(0.475233093568 -0.0351963529004 0.2)
(0.479931592188 -0.0351419034375 0.2)
(0.484149582025 -0.0350939537138 0.2)
(0.487882409181 -0.0350522337165 0.2)
(0.49112594626 -0.0350165129629 0.2)
(0.493876600052 -0.0349865979668 0.2)
(0.496131318327 -0.0349623297955 0.2)
(0.497887595668 -0.0349435818191 0.2)
(0.499143478322 -0.0349302577401 0.2)
(0.499897568002 -0.0349222899801 0.2)
(0.500149024632 -0.0349196384831 0.2)
)
BSpline 20 21
(
(-0.500149024632 -0.0321447832314 0.2)
(-0.499944473182 -0.0293085325229 0.2)
(-0.499235966606 -0.0264122815252 0.2)
(-0.49802264556 -0.0234581595197 0.2)
(-0.496304151782 -0.0204490201953 0.2)
(-0.494080635029 -0.0173884270047 0.2)
(-0.491352760848 -0.0142806337072 0.2)
(-0.488121719042 -0.0111305602583 0.2)
(-0.484389232675 -0.00794376424475 0.2)
(-0.48015756746 -0.0047264080935 0.2)
(-0.475429541303 -0.00148522231979 0.2)
(-0.470208533812 0.00177253489453 0.2)
(-0.464498495537 0.0050391214725 0.2)
(-0.458303956702 0.00830635821975 0.2)
(-0.451630035202 0.0115656782435 0.2)
(-0.444482443612 0.0148081786304 0.2)
(-0.43686749499 0.018024673986 0.2)
(-0.428792107241 0.0212057514282 0.2)
(-0.420263805834 0.0243418266194 0.2)
(-0.411290724676 0.0274232004201 0.2)
(-0.401881604979 0.0304401157448 0.2)
(-0.392045791965 0.0333828142099 0.2)
(-0.38179322929 0.0362415921666 0.2)
(-0.371134451107 0.0390068557286 0.2)
(-0.360080571689 0.0416691744177 0.2)
(-0.348643272609 0.0442193330718 0.2)
(-0.336834787468 0.0466483816819 0.2)
(-0.324667884226 0.0489476828513 0.2)
(-0.31215584519 0.0511089566003 0.2)
(-0.299312444793 0.0531243222693 0.2)
(-0.286151925274 0.0549863373102 0.2)
(-0.272688970439 0.0566880327892 0.2)
(-0.25893867768 0.0582229454621 0.2)
(-0.244916528464 0.0595851463211 0.2)
(-0.230638357525 0.0607692655507 0.2)
(-0.216120320983 0.0617705138658 0.2)
(-0.20137886365 0.0625847002462 0.2)
(-0.186430685765 0.0632082461124 0.2)
(-0.17129270942 0.0636381960264 0.2)
(-0.155982044913 0.063872225028 0.2)
(-0.140515957271 0.0639086427491 0.2)
)
BSpline 21 23
(
(-0.140515957271 0.0639086427491 0.2)
(-0.124911833166 0.0637463944711 0.2)
(-0.109187148436 0.0633850593135 0.2)
(-0.0934606562199 0.0628306052367 0.2)
(-0.0777917721614 0.0621352037703 0.2)
(-0.0620497825783 0.0613131824886 0.2)
(-0.0462509757978 0.0603672663452 0.2)
(-0.0304116497969 0.0593004735741 0.2)
(-0.0145480929409 0.0581161002639 0.2)
(0.00132343473413 0.0568177050158 0.2)
(0.0171867196926 0.0554090938541 0.2)
(0.0330256125273 0.0538943055321 0.2)
(0.0488240450569 0.0522775973548 0.2)
(0.0645660469087 0.050563431616 0.2)
(0.0802357616097 0.0487564627181 0.2)
(0.0958174622107 0.0468615250205 0.2)
(0.111295566469 0.0448836214347 0.2)
(0.12665465162 0.0428279127595 0.2)
(0.141879468758 0.0406997077264 0.2)
(0.156954956857 0.0385044537012 0.2)
(0.171866256451 0.0362477279688 0.2)
(0.186598722988 0.0339352295103 0.2)
(0.201137939876 0.0315727711632 0.2)
(0.215469731221 0.0291662720466 0.2)
(0.229580174272 0.0267217501194 0.2)
(0.243455611552 0.0242453147379 0.2)
(0.257082662685 0.0217431590704 0.2)
(0.270448235894 0.0192215522311 0.2)
(0.283539539148 0.0166868309969 0.2)
(0.296344090953 0.0141453909764 0.2)
(0.308849730741 0.0116036771117 0.2)
(0.321044628836 0.00906817340469 0.2)
(0.332917295982 0.0065453917749 0.2)
(0.344456592375 0.0040418599719 0.2)
(0.355651736192 0.00156410848615 0.2)
(0.36649231159 -0.00088134357904 0.2)
(0.37696827613 -0.00328800368924 0.2)
(0.387069967629 -0.00564942210665 0.2)
(0.396788110417 -0.00795920913363 0.2)
(0.406113820977 -0.0102110533187 0.2)
(0.41503861298 -0.0123987405498 0.2)
(0.423554401711 -0.0145161739371 0.2)
(0.431653507895 -0.0165573943687 0.2)
(0.439328660934 -0.0185166016036 0.2)
(0.446573001592 -0.0203881757472 0.2)
(0.453380084144 -0.0221666989447 0.2)
(0.459743878029 -0.0238469771108 0.2)
(0.465658769055 -0.0254240615072 0.2)
(0.471119560188 -0.0268932699726 0.2)
(0.476121471991 -0.028250207605 0.2)
(0.480660142752 -0.0294907866966 0.2)
(0.484731628367 -0.0306112457232 0.2)
(0.488332402021 -0.0316081671947 0.2)
(0.491459353732 -0.0324784941831 0.2)
(0.494109789806 -0.0332195453542 0.2)
(0.496281432251 -0.0338290283424 0.2)
(0.497972418198 -0.0343050513252 0.2)
(0.499181299369 -0.0346461326722 0.2)
(0.499907041627 -0.0348512085618 0.2)
(0.500149024632 -0.0349196384831 0.2)
(0.500149024632 -0.0349196384831 0.2)
)
);
boundary
(
    
    inlet
{
        type patch;
faces
(
        (7 0 12 19)
        (0 1 13 12)
    );
}
    
    outlet
{
        type patch;
faces
(
        (4 5 17 16)
        (3 4 16 15)
        (6 7 19 18)
        (5 6 18 17)
        (2 3 15 14)
        (1 2 14 13)
    );
}
    
    walls
{
        type wall;
faces
(
        (8 10 22 20)
        (10 11 23 22)
        (8 9 21 20)
        (9 11 23 21)
    );
}
    
    frontAndBack
{
        type empty;
faces
(
        (8 0 1 10)
        (11 10 1 2)
        (4 11 2 3)
        (7 0 8 9)
        (6 7 9 11)
        (5 6 11 4)
        (20 12 13 22)
        (23 22 13 14)
        (16 23 14 15)
        (19 12 20 21)
        (18 19 21 23)
        (17 18 23 16)
    );
}
);

mergePatchPairs
(
);
/*--------------------------------*- C++ -*----------------------------------*\
| =========                 |                                                 |
| \\      /  F ield         | OpenFOAM: The Open Source CFD Toolbox           |
|  \\    /   O peration     |                                                 |
|   \\  /    A nd           | Copyright (C) 2018 Ehsan Madadi-Kandjani        |
|    \\/     M anipulation  |                                                 |
\*---------------------------------------------------------------------------*/
FoamFile
{
    version     2.0;
    format    ascii;
    class       dictionary;
    object      blockMeshDict;
}
// * * * * * * * * * * * * * * * * * * * * * * * * * * * * * * * * * * * * * //
convertToMeters 1.0;
vertices
(
(-8.0 0.0 0.0)
(-0.00117441010245 -8.0 0.0)
(0.5 -8.0 0.0)
(16.5 -8.0 0.0)
(16.5 0.0 0.0)
(16.5 8.0 0.0)
(0.5 8.0 0.0)
(0.00117441010244 8.0 0.0)
(-0.5 -0.05284845461 0.0)
(0.00117441010244 0.0388888888889 0.0)
(-0.00117441010245 -0.0668080203312 0.0)
(0.5 -0.05284845461 0.0)
(-8.0 0.0 0.2)
(-0.00117441010245 -8.0 0.2)
(0.5 -8.0 0.2)
(16.5 -8.0 0.2)
(16.5 0.0 0.2)
(16.5 8.0 0.2)
(0.5 8.0 0.2)
(0.00117441010244 8.0 0.2)
(-0.5 -0.05284845461 0.2)
(0.00117441010244 0.0388888888889 0.2)
(-0.00117441010245 -0.0668080203312 0.2)
(0.5 -0.05284845461 0.2)
);
blocks
(
// Block 0
hex (0 1 10 8 12 13 22 20)
square
(120 100 1)
simpleGrading
(2 0.02 1)

// Block 1
hex (1 2 11 10 13 14 23 22)
square
(70 100 1)
simpleGrading
(1 0.02 1)

// Block 2
hex (2 3 4 11 14 15 16 23)
square
(100 100 1)
simpleGrading
(100 0.02 1)

// Block 3
hex (11 4 5 6 23 16 17 18)
square
(100 100 1)
simpleGrading
(100 50 1)

// Block 4
hex (9 11 6 7 21 23 18 19)
square
(70 100 1)
simpleGrading
(1 50 1)

// Block 5
hex (8 9 7 0 20 21 19 12)
square
(120 100 1)
simpleGrading
(2 50 1)

);
edges
(
arc 0 7 (-5.65685424949 5.65685424949 0)
arc 0 1 (-5.65685424949 -5.65685424949 0)
arc 12 19 (-5.65685424949 5.65685424949 0.2)
arc 12 13 (-5.65685424949 -5.65685424949 0.2)
spline 8 10
(
(-0.5 -0.05284845461 -0.0)
(-0.499847619047 -0.0535301957113 -0.0)
(-0.499664886606 -0.0542034778436 -0.0)
(-0.499451838162 -0.0548682976187 -0.0)
(-0.499208511102 -0.0555246523703 -0.0)
(-0.498934944706 -0.0561725401521 -0.0)
(-0.498631180144 -0.0568119597362 -0.0)
(-0.49829726047 -0.057442910611 -0.0)
(-0.497933230615 -0.058065392981 -0.0)
(-0.497539137382 -0.0586794077653 -0.0)
(-0.497115029439 -0.0592849565972 -0.0)
(-0.496660957309 -0.0598820418243 -0.0)
(-0.496176973366 -0.0604706665083 -0.0)
(-0.495663131821 -0.0610508344257 -0.0)
(-0.495119488719 -0.0616225500681 -0.0)
(-0.494546101927 -0.0621858186437 -0.0)
(-0.493943031123 -0.0627406460782 -0.0)
(-0.493310337786 -0.0632870390167 -0.0)
(-0.492648085188 -0.0638250048253 -0.0)
(-0.491956338381 -0.0643545515935 -0.0)
(-0.491235164182 -0.0648756881365 -0.0)
(-0.490484631168 -0.065388423998 -0.0)
(-0.489704809658 -0.0658927694529 -0.0)
(-0.488895771702 -0.066388735511 -0.0)
(-0.488057591068 -0.06687633392 -0.0)
(-0.487190343229 -0.0673555771695 -0.0)
(-0.486294105345 -0.0678264784948 -0.0)
(-0.485368956256 -0.0682890518811 -0.0)
(-0.484414976459 -0.0687433120682 -0.0)
(-0.483432248099 -0.0691892745545 -0.0)
(-0.482420854952 -0.0696269556023 -0.0)
(-0.481380882408 -0.0700563722429 -0.0)
(-0.480312417455 -0.0704775422811 -0.0)
(-0.479215548665 -0.0708904843016 -0.0)
(-0.478090366175 -0.0712952176737 -0.0)
(-0.476936961671 -0.0716917625571 -0.0)
(-0.47575542837 -0.0720801399084 -0.0)
(-0.474545861006 -0.0724603714863 -0.0)
(-0.473308355808 -0.0728324798582 -0.0)
(-0.472043010484 -0.0731964884061 -0.0)
(-0.470749924203 -0.0735524213333 -0.0)
(-0.469429197579 -0.0739003036705 -0.0)
(-0.468080932647 -0.0742401612824 -0.0)
(-0.466705232851 -0.0745720208744 -0.0)
(-0.46530220302 -0.0748959099991 -0.0)
(-0.463871949352 -0.0752118570632 -0.0)
(-0.462414579397 -0.0755198913337 -0.0)
(-0.460930202031 -0.0758200429454 -0.0)
(-0.459418927445 -0.0761123429071 -0.0)
(-0.45788086712 -0.0763968231084 -0.0)
(-0.456316133812 -0.0766735163267 -0.0)
(-0.454724841529 -0.0769424562336 -0.0)
(-0.453107105515 -0.077203677402 -0.0)
(-0.451463042228 -0.0774572153122 -0.0)
(-0.449792769321 -0.0777031063587 -0.0)
(-0.448096405627 -0.0779413878569 -0.0)
(-0.446374071132 -0.0781720980489 -0.0)
(-0.444625886964 -0.0783952761104 -0.0)
(-0.442851975367 -0.0786109621564 -0.0)
(-0.441052459689 -0.0788191972475 -0.0)
(-0.439227464355 -0.0790200233955 -0.0)
(-0.437377114855 -0.0792134835694 -0.0)
(-0.435501537723 -0.0793996217009 -0.0)
(-0.433600860516 -0.0795784826893 -0.0)
(-0.431675211801 -0.0797501124075 -0.0)
(-0.42972472113 -0.0799145577061 -0.0)
(-0.42774951903 -0.0800718664187 -0.0)
(-0.425749736976 -0.080222087366 -0.0)
(-0.423725507383 -0.0803652703603 -0.0)
(-0.42167696358 -0.0805014662093 -0.0)
(-0.419604239798 -0.0806307267199 -0.0)
(-0.417507471154 -0.0807531047015 -0.0)
(-0.415386793629 -0.080868653969 -0.0)
(-0.413242344056 -0.0809774293459 -0.0)
(-0.411074260104 -0.0810794866664 -0.0)
(-0.408882680258 -0.0811748827777 -0.0)
(-0.406667743809 -0.0812636755416 -0.0)
(-0.404429590835 -0.0813459238362 -0.0)
(-0.402168362189 -0.0814216875564 -0.0)
(-0.399884199481 -0.081491027615 -0.0)
(-0.397577245067 -0.0815540059429 -0.0)
(-0.395247642033 -0.0816106854884 -0.0)
(-0.392895534184 -0.0816611302173 -0.0)
(-0.390521066028 -0.0817054051113 -0.0)
(-0.388124382765 -0.0817435761669 -0.0)
(-0.385705630274 -0.0817757103933 -0.0)
(-0.383264955104 -0.0818018758099 -0.0)
(-0.380802504456 -0.0818221414437 -0.0)
(-0.378318426179 -0.0818365773259 -0.0)
(-0.375812868755 -0.0818452544877 -0.0)
(-0.373285981288 -0.0818482449567 -0.0)
(-0.370737913498 -0.0818456217514 -0.0)
(-0.368168815709 -0.081837458876 -0.0)
(-0.365578838839 -0.081823831315 -0.0)
(-0.362968134394 -0.081804815026 -0.0)
(-0.360336854457 -0.0817804869336 -0.0)
(-0.357685151683 -0.0817509249213 -0.0)
(-0.355013179289 -0.0817162078239 -0.0)
(-0.352321091049 -0.0816764154187 -0.0)
(-0.349609041285 -0.0816316284164 -0.0)
(-0.346877184866 -0.0815819284515 -0.0)
(-0.344125677196 -0.0815273980721 -0.0)
(-0.341354674212 -0.0814681207289 -0.0)
(-0.33856433238 -0.0814041807637 -0.0)
(-0.335754808688 -0.0813356633979 -0.0)
(-0.332926260647 -0.0812626547196 -0.0)
(-0.330078846279 -0.0811852416704 -0.0)
(-0.327212724122 -0.0811035120318 -0.0)
(-0.324328053223 -0.0810175544111 -0.0)
(-0.321424993138 -0.080927458226 -0.0)
(-0.318503703928 -0.0808333136898 -0.0)
(-0.315564346156 -0.0807352117946 -0.0)
(-0.312607080891 -0.0806332442954 -0.0)
(-0.309632069703 -0.0805275036923 -0.0)
(-0.306639474665 -0.080418083213 -0.0)
(-0.303629458349 -0.0803050767942 -0.0)
(-0.300602183831 -0.080188579063 -0.0)
(-0.29755781469 -0.0800686853169 -0.0)
(-0.294496515007 -0.0799454915042 -0.0)
(-0.291418449369 -0.0798190942028 -0.0)
(-0.288323782868 -0.0796895905994 -0.0)
(-0.285212681107 -0.0795570784676 -0.0)
(-0.282085310197 -0.0794216561455 -0.0)
(-0.278941836763 -0.079283422513 -0.0)
(-0.275782427946 -0.079142476968 -0.0)
(-0.272607251407 -0.078998919403 -0.0)
(-0.269416475328 -0.0788528501804 -0.0)
(-0.266210268416 -0.0787043701073 -0.0)
(-0.262988799908 -0.0785535804106 -0.0)
(-0.259752239577 -0.0784005827105 -0.0)
(-0.25650075773 -0.0782454789943 -0.0)
(-0.253234525218 -0.0780883715895 -0.0)
(-0.249953713439 -0.0779293631364 -0.0)
(-0.246658494342 -0.0777685565601 -0.0)
(-0.243349040432 -0.0776060550427 -0.0)
(-0.240025524776 -0.0774419619941 -0.0)
(-0.236688121006 -0.077276381023 -0.0)
(-0.233337003328 -0.0771094159077 -0.0)
(-0.229972346524 -0.0769411705658 -0.0)
(-0.226594325958 -0.0767717490243 -0.0)
(-0.223203117583 -0.0766012553886 -0.0)
(-0.219798897946 -0.0764297938119 -0.0)
(-0.216381844192 -0.0762574684635 -0.0)
(-0.212952134073 -0.0760843834977 -0.0)
(-0.20950994595 -0.0759106430214 -0.0)
(-0.206055458802 -0.0757363510621 -0.0)
(-0.202588852229 -0.0755616115354 -0.0)
(-0.199110306459 -0.0753865282125 -0.0)
(-0.195620002353 -0.075211204687 -0.0)
(-0.192118121413 -0.0750357443419 -0.0)
(-0.188604845783 -0.0748602503161 -0.0)
(-0.185080358258 -0.0746848254712 -0.0)
(-0.181544842288 -0.0745095723575 -0.0)
(-0.177998481984 -0.0743345931803 -0.0)
(-0.174441462124 -0.0741599897661 -0.0)
(-0.170873968152 -0.0739858635284 -0.0)
(-0.167296186193 -0.0738123154338 -0.0)
(-0.163708303049 -0.0736394459674 -0.0)
(-0.160110506207 -0.0734673550991 -0.0)
(-0.156502983844 -0.0732961422492 -0.0)
(-0.15288592483 -0.073125906254 -0.0)
(-0.149259518731 -0.0729567453317 -0.0)
(-0.145623955817 -0.0727887570483 -0.0)
(-0.141979427058 -0.0726220382834 -0.0)
(-0.138326124137 -0.0724566851964 -0.0)
(-0.134664239443 -0.0722927931923 -0.0)
(-0.130993966083 -0.0721304568878 -0.0)
(-0.127315497878 -0.0719697700782 -0.0)
(-0.123629029367 -0.0718108257033 -0.0)
(-0.119934755812 -0.0716537158145 -0.0)
(-0.116232873195 -0.0714985315417 -0.0)
(-0.112523578224 -0.07134536306 -0.0)
(-0.108807068329 -0.0711942995577 -0.0)
(-0.105083541668 -0.0710454292035 -0.0)
(-0.101353197125 -0.0708988391146 -0.0)
(-0.0975767491611 -0.0707538133505 -0.0)
(-0.0937716337342 -0.0706075445089 -0.0)
(-0.0899605452633 -0.0704598386399 -0.0)
(-0.0861437061606 -0.0703107599181 -0.0)
(-0.082321339348 -0.0701603721706 -0.0)
(-0.0784936682471 -0.0700087388544 -0.0)
(-0.0746609167703 -0.0698559230331 -0.0)
(-0.0708233093103 -0.0697019873546 -0.0)
(-0.0669810707305 -0.0695469940285 -0.0)
(-0.0631344263543 -0.0693910048045 -0.0)
(-0.0592836019555 -0.0692340809506 -0.0)
(-0.0554288237474 -0.0690762832319 -0.0)
(-0.0515703183718 -0.06891767189 -0.0)
(-0.047708312889 -0.0687583066221 -0.0)
(-0.0438430347661 -0.0685982465616 -0.0)
(-0.0399747118664 -0.068437550258 -0.0)
(-0.0361035724376 -0.0682762756577 -0.0)
(-0.0322298451007 -0.0681144800857 -0.0)
(-0.0283537588387 -0.0679522202269 -0.0)
(-0.024475542984 -0.0677895521087 -0.0)
(-0.0205954272074 -0.067626531083 -0.0)
(-0.0167136415055 -0.0674632118101 -0.0)
(-0.0128304161889 -0.0672996482419 -0.0)
(-0.00894598186941 -0.0671358936061 -0.0)
(-0.00506056944812 -0.0669720003912 -0.0)
(-0.00117441010245 -0.0668080203312 -0.0)
)
spline 10 11
(
(-0.00117441010245 -0.0668080203312 -0.0)
(0.00271226472648 -0.0666440043915 -0.0)
(0.00659922334671 -0.0664800027554 -0.0)
(0.0104862338285 -0.0663160648108 -0.0)
(0.0143730640172 -0.0661522391371 -0.0)
(0.0182594815471 -0.0659885734939 -0.0)
(0.0221452538541 -0.0658251148089 -0.0)
(0.0260301481894 -0.0656619091671 -0.0)
(0.0299139316337 -0.0654990018005 -0.0)
(0.0337963711099 -0.0653364370781 -0.0)
(0.0376772333977 -0.065174258497 -0.0)
(0.0415562851472 -0.0650125086734 -0.0)
(0.0454332928933 -0.0648512293348 -0.0)
(0.0493080230691 -0.0646904613122 -0.0)
(0.0531802420208 -0.0645302445338 -0.0)
(0.0570497160219 -0.064370618018 -0.0)
(0.0609162112873 -0.0642116198681 -0.0)
(0.0647794939881 -0.0640532872672 -0.0)
(0.0686393302662 -0.0638956564734 -0.0)
(0.0724954862485 -0.0637387628162 -0.0)
(0.0763477280622 -0.0635826406929 -0.0)
(0.0801958218493 -0.0634273235656 -0.0)
(0.0840395337816 -0.0632728439599 -0.0)
(0.0878786300754 -0.063119233462 -0.0)
(0.0917128770067 -0.0629665227187 -0.0)
(0.0955420409262 -0.0628147414365 -0.0)
(0.0993658882744 -0.0626639183818 -0.0)
(0.103184185597 -0.0625140813814 -0.0)
(0.106996699559 -0.0623652573237 -0.0)
(0.110803196962 -0.0622174721609 -0.0)
(0.114603444757 -0.0620707509108 -0.0)
(0.118397210062 -0.0619251176597 -0.0)
(0.122184260176 -0.0617805955662 -0.0)
(0.125964362595 -0.0616372068647 -0.0)
(0.129737285027 -0.0614949728697 -0.0)
(0.133502795407 -0.0613539139812 -0.0)
(0.137260661913 -0.0612140496899 -0.0)
(0.141010652983 -0.0610753985828 -0.0)
(0.144752537328 -0.0609379783502 -0.0)
(0.148486083948 -0.0608018057921 -0.0)
(0.15221106215 -0.0606668968256 -0.0)
(0.155927241559 -0.0605332664928 -0.0)
(0.159634392137 -0.060400928969 -0.0)
(0.163332284199 -0.0602698975715 -0.0)
(0.167020688426 -0.060140184768 -0.0)
(0.170699375882 -0.0600118021871 -0.0)
(0.174368118029 -0.0598847606274 -0.0)
(0.178026686743 -0.059759070068 -0.0)
(0.181674854329 -0.0596347396791 -0.0)
(0.185312393536 -0.0595117778333 -0.0)
(0.188939077577 -0.0593901921163 -0.0)
(0.192554680136 -0.0592699893392 -0.0)
(0.196158975391 -0.0591511755503 -0.0)
(0.199751738026 -0.059033756047 -0.0)
(0.203332743247 -0.0589177353893 -0.0)
(0.206901766798 -0.0588031174117 -0.0)
(0.210458584976 -0.0586899052371 -0.0)
(0.214002974645 -0.0585781012896 -0.0)
(0.217534713254 -0.058467707309 -0.0)
(0.221053578852 -0.0583587243636 -0.0)
(0.224559350099 -0.0582511528653 -0.0)
(0.228051806288 -0.0581449925833 -0.0)
(0.231530727355 -0.0580402426588 -0.0)
(0.234995893895 -0.0579369016196 -0.0)
(0.238447087181 -0.057834967395 -0.0)
(0.241884089175 -0.0577344373308 -0.0)
(0.245306682545 -0.0576353082041 -0.0)
(0.248714650677 -0.0575375762391 -0.0)
(0.252107777697 -0.0574412371218 -0.0)
(0.255485848478 -0.0573462860159 -0.0)
(0.258848648662 -0.0572527175781 -0.0)
(0.262195964669 -0.0571605259734 -0.0)
(0.265527583717 -0.0570697048914 -0.0)
(0.268843293833 -0.0569802475613 -0.0)
(0.272142883869 -0.0568921467677 -0.0)
(0.275426143521 -0.0568053948667 -0.0)
(0.278692863336 -0.0567199838011 -0.0)
(0.281942834733 -0.0566359051162 -0.0)
(0.285175850017 -0.0565531499755 -0.0)
(0.28839170239 -0.0564717091764 -0.0)
(0.291590185971 -0.0563915731656 -0.0)
(0.294771095806 -0.0563127320547 -0.0)
(0.297934227885 -0.0562351756353 -0.0)
(0.301079379157 -0.0561588933948 -0.0)
(0.304206347544 -0.0560838745314 -0.0)
(0.307314931955 -0.0560101079691 -0.0)
(0.310404932302 -0.0559375823728 -0.0)
(0.313476149512 -0.0558662861632 -0.0)
(0.316528385544 -0.0557962075315 -0.0)
(0.319561443403 -0.0557273344541 -0.0)
(0.322575127153 -0.0556596547067 -0.0)
(0.325569241934 -0.0555931558787 -0.0)
(0.328543593973 -0.0555278253873 -0.0)
(0.331497990602 -0.0554636504915 -0.0)
(0.334432240268 -0.0554006183055 -0.0)
(0.337346152554 -0.0553387158122 -0.0)
(0.340239538186 -0.0552779298765 -0.0)
(0.34311220905 -0.0552182472587 -0.0)
(0.345963978211 -0.0551596546266 -0.0)
(0.348794659918 -0.0551021385685 -0.0)
(0.351604069626 -0.0550456856057 -0.0)
(0.354392024007 -0.0549902822039 -0.0)
(0.357158340964 -0.0549359147859 -0.0)
(0.359902839646 -0.0548825697424 -0.0)
(0.362625340463 -0.0548302334437 -0.0)
(0.365325665097 -0.0547788922506 -0.0)
(0.368003636518 -0.0547285325252 -0.0)
(0.370659079001 -0.0546791406413 -0.0)
(0.373291818133 -0.0546307029947 -0.0)
(0.375901680833 -0.0545832060129 -0.0)
(0.378488495365 -0.0545366361648 -0.0)
(0.381052091349 -0.0544909799703 -0.0)
(0.383592299778 -0.0544462240089 -0.0)
(0.386108953031 -0.0544023549285 -0.0)
(0.388601884885 -0.0543593594541 -0.0)
(0.391070930532 -0.0543172243955 -0.0)
(0.39351592659 -0.0542759366558 -0.0)
(0.395936711119 -0.054235483238 -0.0)
(0.398333123634 -0.0541958512531 -0.0)
(0.400705005116 -0.0541570279263 -0.0)
(0.40305219803 -0.0541190006043 -0.0)
(0.405374546336 -0.054081756761 -0.0)
(0.407671895504 -0.0540452840038 -0.0)
(0.409944092524 -0.0540095700796 -0.0)
(0.412190985927 -0.0539746028796 -0.0)
(0.414412425787 -0.0539403704448 -0.0)
(0.416608263748 -0.0539068609709 -0.0)
(0.418778353024 -0.0538740628128 -0.0)
(0.420922548423 -0.0538419644885 -0.0)
(0.423040706353 -0.0538105546837 -0.0)
(0.42513268484 -0.0537798222549 -0.0)
(0.427198343537 -0.0537497562332 -0.0)
(0.429237543741 -0.0537203458273 -0.0)
(0.431250148403 -0.0536915804265 -0.0)
(0.433236022141 -0.053663449603 -0.0)
(0.435195031257 -0.0536359431146 -0.0)
(0.437127043742 -0.0536090509066 -0.0)
(0.439031929296 -0.0535827631138 -0.0)
(0.440909559339 -0.053557070062 -0.0)
(0.442759807018 -0.0535319622692 -0.0)
(0.444582547228 -0.0535074304472 -0.0)
(0.446377656618 -0.053483465502 -0.0)
(0.448145013605 -0.053460058535 -0.0)
(0.449884498386 -0.0534372008429 -0.0)
(0.451595992954 -0.0534148839185 -0.0)
(0.453279381102 -0.0533930994504 -0.0)
(0.45493454844 -0.0533718393232 -0.0)
(0.456561382409 -0.053351095617 -0.0)
(0.458159772286 -0.0533308606067 -0.0)
(0.459729609201 -0.0533111267618 -0.0)
(0.461270786145 -0.0532918867454 -0.0)
(0.462783197983 -0.053273133413 -0.0)
(0.464266741465 -0.0532548598118 -0.0)
(0.465721315236 -0.0532370591789 -0.0)
(0.467146819848 -0.0532197249405 -0.0)
(0.46854315777 -0.0532028507097 -0.0)
(0.469910233398 -0.0531864302855 -0.0)
(0.471247953066 -0.0531704576506 -0.0)
(0.472556225056 -0.0531549269698 -0.0)
(0.47383495961 -0.0531398325878 -0.0)
(0.475084068936 -0.0531251690273 -0.0)
(0.47630346722 -0.053110930987 -0.0)
(0.477493070637 -0.0530971133391 -0.0)
(0.478652797357 -0.0530837111273 -0.0)
(0.479782567557 -0.0530707195644 -0.0)
(0.480882303428 -0.0530581340298 -0.0)
(0.481951929185 -0.0530459500672 -0.0)
(0.482991371078 -0.0530341633825 -0.0)
(0.484000557394 -0.0530227698407 -0.0)
(0.48497941847 -0.0530117654637 -0.0)
(0.485927886703 -0.053001146428 -0.0)
(0.486845896552 -0.052990909062 -0.0)
(0.48773338455 -0.0529810498434 -0.0)
(0.488590289309 -0.052971565397 -0.0)
(0.489416551529 -0.0529624524918 -0.0)
(0.490212114003 -0.0529537080392 -0.0)
(0.490976921628 -0.0529453290898 -0.0)
(0.491710921406 -0.0529373128317 -0.0)
(0.492414062452 -0.0529296565876 -0.0)
(0.493086296003 -0.0529223578131 -0.0)
(0.493727575421 -0.0529154140937 -0.0)
(0.494337856198 -0.0529088231433 -0.0)
(0.494917095964 -0.0529025828017 -0.0)
(0.49546525449 -0.0528966910329 -0.0)
(0.495982293695 -0.0528911459224 -0.0)
(0.496468177647 -0.0528859456763 -0.0)
(0.496922872571 -0.0528810886185 -0.0)
(0.497346346852 -0.0528765731899 -0.0)
(0.497738571036 -0.052872397946 -0.0)
(0.49809951784 -0.0528685615557 -0.0)
(0.498429162149 -0.0528650627999 -0.0)
(0.49872748102 -0.05286190057 -0.0)
(0.49899445369 -0.052859073867 -0.0)
(0.499230061574 -0.0528565817998 -0.0)
(0.499434288265 -0.0528544235847 -0.0)
(0.499607119542 -0.0528525985444 -0.0)
(0.49974854337 -0.052851106107 -0.0)
(0.499858549898 -0.0528499458055 -0.0)
(0.499937131463 -0.0528491172774 -0.0)
(0.499984282592 -0.052848620264 -0.0)
(0.5 -0.05284845461 -0.0)
)
spline 8 9
(
(-0.5 -0.05284845461 -0.0)
(-0.499963659034 -0.0465188402412 -0.0)
(-0.499802304294 -0.0457966072234 -0.0)
(-0.499609419184 -0.0450706814558 -0.0)
(-0.499384991237 -0.0443410976521 -0.0)
(-0.499129009941 -0.0436078933701 -0.0)
(-0.498841466736 -0.0428711090003 -0.0)
(-0.498522355028 -0.0421307877534 -0.0)
(-0.498171670192 -0.0413869756466 -0.0)
(-0.49778940958 -0.0406397214887 -0.0)
(-0.497375572528 -0.0398890768637 -0.0)
(-0.496930160364 -0.0391350961142 -0.0)
(-0.496453176413 -0.0383778363222 -0.0)
(-0.495944626009 -0.03761735729 -0.0)
(-0.495404516497 -0.036853721519 -0.0)
(-0.494832857247 -0.0360869941884 -0.0)
(-0.49422965966 -0.0353172431316 -0.0)
(-0.493594937175 -0.0345445388124 -0.0)
(-0.492928705277 -0.0337689542994 -0.0)
(-0.492230981509 -0.0329905652404 -0.0)
(-0.49150178548 -0.0322094498341 -0.0)
(-0.490741138871 -0.0314256888021 -0.0)
(-0.489949065445 -0.0306393653596 -0.0)
(-0.48912559106 -0.0298505651843 -0.0)
(-0.488270743673 -0.0290593763852 -0.0)
(-0.487384553352 -0.02826588947 -0.0)
(-0.486467052283 -0.0274701973113 -0.0)
(-0.485518274783 -0.0266723951124 -0.0)
(-0.484538257307 -0.0258725803717 -0.0)
(-0.483527038456 -0.0250708528461 -0.0)
(-0.48248465899 -0.0242673145141 -0.0)
(-0.481411161835 -0.023462069537 -0.0)
(-0.480306592092 -0.0226552242204 -0.0)
(-0.479170997047 -0.0218468869737 -0.0)
(-0.47800442618 -0.0210371682698 -0.0)
(-0.476806931177 -0.0202261806029 -0.0)
(-0.475578565934 -0.0194140384467 -0.0)
(-0.47431938657 -0.0186008582108 -0.0)
(-0.473029451433 -0.0177867581967 -0.0)
(-0.471708821112 -0.0169718585536 -0.0)
(-0.470357558444 -0.0161562812324 -0.0)
(-0.46897572852 -0.0153401499399 -0.0)
(-0.467563398699 -0.014523590092 -0.0)
(-0.466120638612 -0.0137067287664 -0.0)
(-0.464647520169 -0.0128896946544 -0.0)
(-0.463144117571 -0.0120726180123 -0.0)
(-0.461610507314 -0.0112556306123 -0.0)
(-0.460046768198 -0.0104388656926 -0.0)
(-0.458452981334 -0.00962245790715 -0.0)
(-0.456829230149 -0.00880654327503 -0.0)
(-0.455175600393 -0.00799125912893 -0.0)
(-0.453492180149 -0.00717674406354 -0.0)
(-0.451779059834 -0.00636313788341 -0.0)
(-0.450036332204 -0.00555058155035 -0.0)
(-0.448264092366 -0.00473921713049 -0.0)
(-0.446462437775 -0.00392918774103 -0.0)
(-0.444631468243 -0.00312063749652 -0.0)
(-0.442771285943 -0.00231371145502 -0.0)
(-0.440881995409 -0.00150855556384 -0.0)
(-0.438963703544 -0.000705316605069 -0.0)
(-0.437016519621 9.58578590911e-05 0.0)
(-0.435040555285 0.000894819541245 0.0)
(-0.433035924556 0.00169141948387 0.0)
(-0.431002743827 0.00248550811454 0.0)
(-0.428941131873 0.00327693530128 0.0)
(-0.426851209843 0.00406555040803 0.0)
(-0.424733101265 0.00485120235014 0.0)
(-0.422586932045 0.00563373964998 0.0)
(-0.420412830466 0.00641301049253 0.0)
(-0.418210927186 0.00718886278097 0.0)
(-0.415981355236 0.00796114419226 0.0)
(-0.41372425002 0.00872970223265 0.0)
(-0.411439749308 0.00949438429315 0.0)
(-0.409127993237 0.0102550377049 0.0)
(-0.406789124303 0.0110115097942 0.0)
(-0.40442328736 0.0117636479378 0.0)
(-0.402030629611 0.0125112996179 0.0)
(-0.399611300606 0.0132543124763 0.0)
(-0.397165452234 0.0139925343695 0.0)
(-0.394693238716 0.0147258134225 0.0)
(-0.392194816596 0.015453998083 0.0)
(-0.389670344738 0.0161769371749 0.0)
(-0.387119984312 0.0168944799517 0.0)
(-0.384543898787 0.0176064761495 0.0)
(-0.381942253922 0.0183127760397 0.0)
(-0.379315217753 0.0190132304813 0.0)
(-0.376662960585 0.0197076909725 0.0)
(-0.373985654979 0.0203960097023 0.0)
(-0.371283475739 0.0210780396017 0.0)
(-0.3685565999 0.0217536343939 0.0)
(-0.365805206715 0.0224226486444 0.0)
(-0.36302947764 0.0230849378106 0.0)
(-0.36022959632 0.0237403582908 0.0)
(-0.357405748575 0.0243887674726 0.0)
(-0.354558122381 0.0250300237808 0.0)
(-0.351686907855 0.0256639867247 0.0)
(-0.34879229724 0.0262905169449 0.0)
(-0.345874484886 0.0269094762592 0.0)
(-0.342933667231 0.0275207277082 0.0)
(-0.339970042783 0.0281241356002 0.0)
(-0.3369838121 0.028719565555 0.0)
(-0.333975177773 0.0293068845477 0.0)
(-0.330944344403 0.0298859609512 0.0)
(-0.327891518578 0.0304566645787 0.0)
(-0.324816908858 0.0310188667244 0.0)
(-0.321720725746 0.0315724402045 0.0)
(-0.318603181671 0.032117259397 0.0)
(-0.315464490961 0.0326532002807 0.0)
(-0.312304869822 0.0331801404734 0.0)
(-0.309124536312 0.0336979592698 0.0)
(-0.305923710319 0.0342065376779 0.0)
(-0.302702613533 0.0347057584549 0.0)
(-0.299461469424 0.0351955061424 0.0)
(-0.296200503213 0.0356756671009 0.0)
(-0.292919941847 0.036146129543 0.0)
(-0.289620013971 0.0366067835658 0.0)
(-0.286300949906 0.0370575211833 0.0)
(-0.282962981612 0.0374982363568 0.0)
(-0.27960634267 0.0379288250249 0.0)
(-0.276231268248 0.0383491851333 0.0)
(-0.272837995071 0.0387592166623 0.0)
(-0.269426761398 0.0391588216552 0.0)
(-0.265997806986 0.0395479042438 0.0)
(-0.262551373067 0.039926370675 0.0)
(-0.259087702311 0.0402941293352 0.0)
(-0.255607038801 0.0406510907743 0.0)
(-0.252109628 0.0409971677287 0.0)
(-0.248595716721 0.0413322751436 0.0)
(-0.245065553095 0.0416563301942 0.0)
(-0.241519386542 0.041969252306 0.0)
(-0.237957467737 0.0422709631745 0.0)
(-0.234380048578 0.0425613867837 0.0)
(-0.230787382157 0.0428404494238 0.0)
(-0.227179722726 0.0431080797082 0.0)
(-0.223557325664 0.0433642085896 0.0)
(-0.219920447448 0.0436087693747 0.0)
(-0.216269345615 0.0438416977389 0.0)
(-0.212604278736 0.0440629317396 0.0)
(-0.208925506376 0.0442724118284 0.0)
(-0.20523328907 0.0444700808633 0.0)
(-0.201527888282 0.0446558841193 0.0)
(-0.197809566375 0.0448297692983 0.0)
(-0.194078586583 0.0449916865385 0.0)
(-0.190335212968 0.0451415884226 0.0)
(-0.186579710397 0.0452794299855 0.0)
(-0.182812344503 0.0454051687208 0.0)
(-0.179033381656 0.0455187645869 0.0)
(-0.175243088925 0.0456201800123 0.0)
(-0.171441734052 0.0457093798995 0.0)
(-0.167629585413 0.0457863316291 0.0)
(-0.163806911991 0.0458510050625 0.0)
(-0.159973983337 0.0459033725437 0.0)
(-0.156131069545 0.0459434089011 0.0)
(-0.152278441213 0.0459710914479 0.0)
(-0.148416369416 0.045986399982 0.0)
(-0.14454512567 0.0459893167853 0.0)
(-0.140664981903 0.0459798266222 0.0)
(-0.136776210422 0.0459579167376 0.0)
(-0.132879083882 0.0459235768538 0.0)
(-0.128973875255 0.0458767991672 0.0)
(-0.125060857797 0.0458175783442 0.0)
(-0.121140305021 0.0457459115167 0.0)
(-0.11721249066 0.0456617982762 0.0)
(-0.113277688645 0.0455652406684 0.0)
(-0.109336173068 0.0454562431866 0.0)
(-0.105388218153 0.0453348127642 0.0)
(-0.101434098232 0.0452009587676 0.0)
(-0.097513572855 0.0450555649672 0.0)
(-0.0936096808516 0.0449017891098 0.0)
(-0.0897002033299 0.0447399469117 0.0)
(-0.0857853941188 0.0445700742863 0.0)
(-0.0818655072209 0.0443922083973 0.0)
(-0.0779407967931 0.0442063876434 0.0)
(-0.0740115171266 0.0440126516441 0.0)
(-0.0700779226272 0.0438110412242 0.0)
(-0.0661402677961 0.0436015983996 0.0)
(-0.06219880721 0.0433843663617 0.0)
(-0.0582537955023 0.0431593894629 0.0)
(-0.0543054873437 0.0429267132011 0.0)
(-0.0503541374232 0.0426863842049 0.0)
(-0.0464000004295 0.0424384502183 0.0)
(-0.0424433310318 0.0421829600858 0.0)
(-0.0384843838615 0.0419199637373 0.0)
(-0.0345234134936 0.0416495121727 0.0)
(-0.0305606744286 0.0413716574472 0.0)
(-0.0265964210738 0.0410864526565 0.0)
(-0.0226309077256 0.0407939519211 0.0)
(-0.0186643885517 0.0404942103724 0.0)
(-0.0146971175726 0.040187284137 0.0)
(-0.0107293486447 0.0398732303226 0.0)
(-0.00676133544241 0.0395521070032 0.0)
(-0.00279333144059 0.0392239732043 0.0)
(0.00117441010244 0.0388888888889 0.0)
)
spline 9 11
(
(0.00117441010244 0.0388888888889 0.0)
(0.00514163616223 0.0385469149429 0.0)
(0.00910809396511 0.0381981131608 0.0)
(0.0130735310051 0.0378425462323 0.0)
(0.0170376950609 0.0374802777272 0.0)
(0.021000334212 0.0371113720829 0.0)
(0.0249611968556 0.0367358945898 0.0)
(0.028920031723 0.0363539113783 0.0)
(0.0328765878956 0.0359654894052 0.0)
(0.0368306148213 0.0355706964406 0.0)
(0.0407818623302 0.0351696010551 0.0)
(0.0447300806507 0.0347622726066 0.0)
(0.0486750204252 0.0343487812279 0.0)
(0.052616432726 0.033929197814 0.0)
(0.0565540690702 0.03350359401 0.0)
(0.060487681436 0.0330720421988 0.0)
(0.064417022277 0.0326346154891 0.0)
(0.0683418445384 0.0321913877037 0.0)
(0.0722619016714 0.031742433368 0.0)
(0.0761769476484 0.0312878276984 0.0)
(0.080086736978 0.0308276465912 0.0)
(0.0839910247195 0.0303619666115 0.0)
(0.0878895664978 0.0298908649823 0.0)
(0.0917821185178 0.029414419574 0.0)
(0.0956684375791 0.0289327088936 0.0)
(0.09954828109 0.0284458120748 0.0)
(0.103421407082 0.0279538088673 0.0)
(0.107287574225 0.0274567796274 0.0)
(0.111146541838 0.0269548053078 0.0)
(0.114998069908 0.0264479674483 0.0)
(0.118841919099 0.0259363481658 0.0)
(0.122677850771 0.0254200301459 0.0)
(0.126505626989 0.0248990966326 0.0)
(0.130325010538 0.0243736314205 0.0)
(0.134135764939 0.023843718845 0.0)
(0.137937654458 0.023309443774 0.0)
(0.141730444126 0.0227708915996 0.0)
(0.145513899745 0.022228148229 0.0)
(0.149287787904 0.0216813000771 0.0)
(0.153051875996 0.0211304340573 0.0)
(0.156805932225 0.0205756375743 0.0)
(0.160549725623 0.0200169985156 0.0)
(0.164283026061 0.0194546052439 0.0)
(0.168005604263 0.0188885465894 0.0)
(0.171717231819 0.0183189118419 0.0)
(0.175417681195 0.0177457907432 0.0)
(0.17910672575 0.0171692734798 0.0)
(0.182784139745 0.0165894506754 0.0)
(0.186449698356 0.0160064133834 0.0)
(0.190103177689 0.0154202530794 0.0)
(0.193744354788 0.0148310616544 0.0)
(0.197373007652 0.014238931407 0.0)
(0.200988915244 0.0136439550363 0.0)
(0.204591857503 0.013046225635 0.0)
(0.208181615358 0.0124458366815 0.0)
(0.21175797074 0.0118428820333 0.0)
(0.21532070659 0.0112374559197 0.0)
(0.218869606876 0.010629652934 0.0)
(0.222404456602 0.0100195680269 0.0)
(0.225925041819 0.00940729649883 0.0)
(0.22943114964 0.00879293399254 0.0)
(0.232922568247 0.00817657648593 0.0)
(0.236399086906 0.00755832028444 0.0)
(0.239860495975 0.00693826201352 0.0)
(0.24330658692 0.00631649861103 0.0)
(0.246737152322 0.00569312731957 0.0)
(0.250151985888 0.00506824567864 0.0)
(0.253550882466 0.00444195151676 0.0)
(0.256933638054 0.00381434294347 0.0)
(0.260300049807 0.00318551834122 0.0)
(0.263649916054 0.00255557635708 0.0)
(0.266983036305 0.00192461589438 0.0)
(0.270299211262 0.0012927361042 0.0)
(0.27359824283 0.000660036376634 0.0)
(0.276879934129 2.66163320339e-05 0.0)
(0.280144089499 -0.000607424188044 -0.0)
(0.283390514516 -0.00124198512998 -0.0)
(0.286619016001 -0.00187696623745 -0.0)
(0.289829402026 -0.00251226706094 -0.0)
(0.29302148193 -0.00314778696746 -0.0)
(0.296195066322 -0.0037834251505 -0.0)
(0.299349967097 -0.00441908064008 -0.0)
(0.302485997441 -0.00505465231312 -0.0)
(0.305602971845 -0.005690038904 -0.0)
(0.308700706109 -0.00632513901523 -0.0)
(0.311779017354 -0.00695985112853 -0.0)
(0.314837724034 -0.00759407361596 -0.0)
(0.317876645937 -0.0082277047514 -0.0)
(0.320895604205 -0.00886064272221 -0.0)
(0.323894421331 -0.00949278564113 -0.0)
(0.326872921177 -0.0101240315585 -0.0)
(0.329830928978 -0.0107542784745 -0.0)
(0.332768271351 -0.011383424352 -0.0)
(0.335684776303 -0.0120113671294 -0.0)
(0.338580273241 -0.0126380047337 -0.0)
(0.341454592979 -0.013263235094 -0.0)
(0.344307567743 -0.013886956155 -0.0)
(0.347139031184 -0.0145090658913 -0.0)
(0.349948818382 -0.0151294623211 -0.0)
(0.352736765853 -0.0157480435211 -0.0)
(0.355502711561 -0.0163647076407 -0.0)
(0.358246494919 -0.0169793529175 -0.0)
(0.360967956799 -0.0175918776921 -0.0)
(0.363666939542 -0.0182021804237 -0.0)
(0.366343286958 -0.0188101597059 -0.0)
(0.368996844339 -0.0194157142826 -0.0)
(0.37162745846 -0.0200187430643 -0.0)
(0.374234977591 -0.0206191451444 -0.0)
(0.376819251498 -0.0212168198161 -0.0)
(0.379380131452 -0.0218116665896 -0.0)
(0.381917470235 -0.0224035852086 -0.0)
(0.384431122144 -0.0229924756684 -0.0)
(0.386920942997 -0.0235782382336 -0.0)
(0.389386790141 -0.0241607734553 -0.0)
(0.391828522453 -0.0247399821901 -0.0)
(0.394246000349 -0.0253157656179 -0.0)
(0.396639085786 -0.0258880252605 -0.0)
(0.399007642268 -0.0264566630008 -0.0)
(0.401351534853 -0.0270215811011 -0.0)
(0.403670630154 -0.0275826822229 -0.0)
(0.405964796345 -0.0281398694456 -0.0)
(0.408233903165 -0.0286930462868 -0.0)
(0.410477821921 -0.0292421167213 -0.0)
(0.412696425496 -0.0297869852014 -0.0)
(0.414889588348 -0.0303275566767 -0.0)
(0.417057186515 -0.0308637366143 -0.0)
(0.419199097621 -0.0313954310194 -0.0)
(0.421315200875 -0.0319225464552 -0.0)
(0.423405377079 -0.032444990064 -0.0)
(0.425469508629 -0.0329626695875 -0.0)
(0.427507479515 -0.033475493388 -0.0)
(0.429519175328 -0.0339833704689 -0.0)
(0.431504483263 -0.0344862104956 -0.0)
(0.433463292117 -0.0349839238171 -0.0)
(0.435395492297 -0.0354764214865 -0.0)
(0.437300975816 -0.0359636152825 -0.0)
(0.439179636302 -0.0364454177305 -0.0)
(0.441031368995 -0.0369217421237 -0.0)
(0.44285607075 -0.0373925025448 -0.0)
(0.444653640041 -0.0378576138867 -0.0)
(0.44642397696 -0.0383169918741 -0.0)
(0.44816698322 -0.0387705530846 -0.0)
(0.449882562156 -0.0392182149701 -0.0)
(0.451570618726 -0.0396598958779 -0.0)
(0.453231059512 -0.0400955150716 -0.0)
(0.454863792723 -0.0405249927527 -0.0)
(0.456468728195 -0.040948250081 -0.0)
(0.458045777389 -0.0413652091961 -0.0)
(0.459594853398 -0.0417757932377 -0.0)
(0.46111587094 -0.0421799263667 -0.0)
(0.462608746367 -0.0425775337857 -0.0)
(0.464073397657 -0.0429685417591 -0.0)
(0.465509744423 -0.0433528776341 -0.0)
(0.466917707907 -0.0437304698604 -0.0)
(0.468297210982 -0.04410124801 -0.0)
(0.469648178152 -0.0444651427975 -0.0)
(0.470970535556 -0.0448220860995 -0.0)
(0.472264210962 -0.0451720109739 -0.0)
(0.473529133771 -0.0455148516791 -0.0)
(0.474765235015 -0.045850543693 -0.0)
(0.475972447359 -0.0461790237319 -0.0)
(0.477150705099 -0.0465002297686 -0.0)
(0.478299944161 -0.0468141010507 -0.0)
(0.479420102105 -0.0471205781188 -0.0)
(0.48051111812 -0.0474196028235 -0.0)
(0.481572933026 -0.0477111183435 -0.0)
(0.482605489272 -0.047995069202 -0.0)
(0.483608730939 -0.0482714012834 -0.0)
(0.484582603735 -0.0485400618501 -0.0)
(0.485527054998 -0.0488009995581 -0.0)
(0.486442033694 -0.0490541644728 -0.0)
(0.487327490418 -0.0492995080841 -0.0)
(0.488183377389 -0.0495369833216 -0.0)
(0.489009648456 -0.0497665445689 -0.0)
(0.489806259093 -0.0499881476777 -0.0)
(0.4905731664 -0.0502017499818 -0.0)
(0.4913103291 -0.05040731031 -0.0)
(0.492017707544 -0.0506047889992 -0.0)
(0.492695263703 -0.0507941479068 -0.0)
(0.493342961173 -0.0509753504228 -0.0)
(0.493960765175 -0.0511483614811 -0.0)
(0.494548642547 -0.051313147571 -0.0)
(0.495106561753 -0.0514696767475 -0.0)
(0.495634492876 -0.0516179186414 -0.0)
(0.49613240762 -0.0517578444693 -0.0)
(0.496600279308 -0.0518894270427 -0.0)
(0.497038082884 -0.0520126407766 -0.0)
(0.49744579491 -0.0521274616977 -0.0)
(0.497823393567 -0.0522338674521 -0.0)
(0.498170858653 -0.052331837313 -0.0)
(0.498488171585 -0.0524213521863 -0.0)
(0.498775315396 -0.0525023946181 -0.0)
(0.499032274738 -0.0525749487991 -0.0)
(0.499259035877 -0.0526390005707 -0.0)
(0.499455586697 -0.052694537429 -0.0)
(0.499621916698 -0.0527415485292 -0.0)
(0.499758016996 -0.0527800246887 -0.0)
(0.49986388032 -0.0528099583905 -0.0)
(0.499939501018 -0.0528313437857 -0.0)
(0.499984875053 -0.0528441766949 -0.0)
(0.5 -0.05284845461 -0.0)
)
spline 20 22
(
(-0.5 -0.05284845461 0.2)
(-0.499847619047 -0.0535301957113 0.2)
(-0.499664886606 -0.0542034778436 0.2)
(-0.499451838162 -0.0548682976187 0.2)
(-0.499208511102 -0.0555246523703 0.2)
(-0.498934944706 -0.0561725401521 0.2)
(-0.498631180144 -0.0568119597362 0.2)
(-0.49829726047 -0.057442910611 0.2)
(-0.497933230615 -0.058065392981 0.2)
(-0.497539137382 -0.0586794077653 0.2)
(-0.497115029439 -0.0592849565972 0.2)
(-0.496660957309 -0.0598820418243 0.2)
(-0.496176973366 -0.0604706665083 0.2)
(-0.495663131821 -0.0610508344257 0.2)
(-0.495119488719 -0.0616225500681 0.2)
(-0.494546101927 -0.0621858186437 0.2)
(-0.493943031123 -0.0627406460782 0.2)
(-0.493310337786 -0.0632870390167 0.2)
(-0.492648085188 -0.0638250048253 0.2)
(-0.491956338381 -0.0643545515935 0.2)
(-0.491235164182 -0.0648756881365 0.2)
(-0.490484631168 -0.065388423998 0.2)
(-0.489704809658 -0.0658927694529 0.2)
(-0.488895771702 -0.066388735511 0.2)
(-0.488057591068 -0.06687633392 0.2)
(-0.487190343229 -0.0673555771695 0.2)
(-0.486294105345 -0.0678264784948 0.2)
(-0.485368956256 -0.0682890518811 0.2)
(-0.484414976459 -0.0687433120682 0.2)
(-0.483432248099 -0.0691892745545 0.2)
(-0.482420854952 -0.0696269556023 0.2)
(-0.481380882408 -0.0700563722429 0.2)
(-0.480312417455 -0.0704775422811 0.2)
(-0.479215548665 -0.0708904843016 0.2)
(-0.478090366175 -0.0712952176737 0.2)
(-0.476936961671 -0.0716917625571 0.2)
(-0.47575542837 -0.0720801399084 0.2)
(-0.474545861006 -0.0724603714863 0.2)
(-0.473308355808 -0.0728324798582 0.2)
(-0.472043010484 -0.0731964884061 0.2)
(-0.470749924203 -0.0735524213333 0.2)
(-0.469429197579 -0.0739003036705 0.2)
(-0.468080932647 -0.0742401612824 0.2)
(-0.466705232851 -0.0745720208744 0.2)
(-0.46530220302 -0.0748959099991 0.2)
(-0.463871949352 -0.0752118570632 0.2)
(-0.462414579397 -0.0755198913337 0.2)
(-0.460930202031 -0.0758200429454 0.2)
(-0.459418927445 -0.0761123429071 0.2)
(-0.45788086712 -0.0763968231084 0.2)
(-0.456316133812 -0.0766735163267 0.2)
(-0.454724841529 -0.0769424562336 0.2)
(-0.453107105515 -0.077203677402 0.2)
(-0.451463042228 -0.0774572153122 0.2)
(-0.449792769321 -0.0777031063587 0.2)
(-0.448096405627 -0.0779413878569 0.2)
(-0.446374071132 -0.0781720980489 0.2)
(-0.444625886964 -0.0783952761104 0.2)
(-0.442851975367 -0.0786109621564 0.2)
(-0.441052459689 -0.0788191972475 0.2)
(-0.439227464355 -0.0790200233955 0.2)
(-0.437377114855 -0.0792134835694 0.2)
(-0.435501537723 -0.0793996217009 0.2)
(-0.433600860516 -0.0795784826893 0.2)
(-0.431675211801 -0.0797501124075 0.2)
(-0.42972472113 -0.0799145577061 0.2)
(-0.42774951903 -0.0800718664187 0.2)
(-0.425749736976 -0.080222087366 0.2)
(-0.423725507383 -0.0803652703603 0.2)
(-0.42167696358 -0.0805014662093 0.2)
(-0.419604239798 -0.0806307267199 0.2)
(-0.417507471154 -0.0807531047015 0.2)
(-0.415386793629 -0.080868653969 0.2)
(-0.413242344056 -0.0809774293459 0.2)
(-0.411074260104 -0.0810794866664 0.2)
(-0.408882680258 -0.0811748827777 0.2)
(-0.406667743809 -0.0812636755416 0.2)
(-0.404429590835 -0.0813459238362 0.2)
(-0.402168362189 -0.0814216875564 0.2)
(-0.399884199481 -0.081491027615 0.2)
(-0.397577245067 -0.0815540059429 0.2)
(-0.395247642033 -0.0816106854884 0.2)
(-0.392895534184 -0.0816611302173 0.2)
(-0.390521066028 -0.0817054051113 0.2)
(-0.388124382765 -0.0817435761669 0.2)
(-0.385705630274 -0.0817757103933 0.2)
(-0.383264955104 -0.0818018758099 0.2)
(-0.380802504456 -0.0818221414437 0.2)
(-0.378318426179 -0.0818365773259 0.2)
(-0.375812868755 -0.0818452544877 0.2)
(-0.373285981288 -0.0818482449567 0.2)
(-0.370737913498 -0.0818456217514 0.2)
(-0.368168815709 -0.081837458876 0.2)
(-0.365578838839 -0.081823831315 0.2)
(-0.362968134394 -0.081804815026 0.2)
(-0.360336854457 -0.0817804869336 0.2)
(-0.357685151683 -0.0817509249213 0.2)
(-0.355013179289 -0.0817162078239 0.2)
(-0.352321091049 -0.0816764154187 0.2)
(-0.349609041285 -0.0816316284164 0.2)
(-0.346877184866 -0.0815819284515 0.2)
(-0.344125677196 -0.0815273980721 0.2)
(-0.341354674212 -0.0814681207289 0.2)
(-0.33856433238 -0.0814041807637 0.2)
(-0.335754808688 -0.0813356633979 0.2)
(-0.332926260647 -0.0812626547196 0.2)
(-0.330078846279 -0.0811852416704 0.2)
(-0.327212724122 -0.0811035120318 0.2)
(-0.324328053223 -0.0810175544111 0.2)
(-0.321424993138 -0.080927458226 0.2)
(-0.318503703928 -0.0808333136898 0.2)
(-0.315564346156 -0.0807352117946 0.2)
(-0.312607080891 -0.0806332442954 0.2)
(-0.309632069703 -0.0805275036923 0.2)
(-0.306639474665 -0.080418083213 0.2)
(-0.303629458349 -0.0803050767942 0.2)
(-0.300602183831 -0.080188579063 0.2)
(-0.29755781469 -0.0800686853169 0.2)
(-0.294496515007 -0.0799454915042 0.2)
(-0.291418449369 -0.0798190942028 0.2)
(-0.288323782868 -0.0796895905994 0.2)
(-0.285212681107 -0.0795570784676 0.2)
(-0.282085310197 -0.0794216561455 0.2)
(-0.278941836763 -0.079283422513 0.2)
(-0.275782427946 -0.079142476968 0.2)
(-0.272607251407 -0.078998919403 0.2)
(-0.269416475328 -0.0788528501804 0.2)
(-0.266210268416 -0.0787043701073 0.2)
(-0.262988799908 -0.0785535804106 0.2)
(-0.259752239577 -0.0784005827105 0.2)
(-0.25650075773 -0.0782454789943 0.2)
(-0.253234525218 -0.0780883715895 0.2)
(-0.249953713439 -0.0779293631364 0.2)
(-0.246658494342 -0.0777685565601 0.2)
(-0.243349040432 -0.0776060550427 0.2)
(-0.240025524776 -0.0774419619941 0.2)
(-0.236688121006 -0.077276381023 0.2)
(-0.233337003328 -0.0771094159077 0.2)
(-0.229972346524 -0.0769411705658 0.2)
(-0.226594325958 -0.0767717490243 0.2)
(-0.223203117583 -0.0766012553886 0.2)
(-0.219798897946 -0.0764297938119 0.2)
(-0.216381844192 -0.0762574684635 0.2)
(-0.212952134073 -0.0760843834977 0.2)
(-0.20950994595 -0.0759106430214 0.2)
(-0.206055458802 -0.0757363510621 0.2)
(-0.202588852229 -0.0755616115354 0.2)
(-0.199110306459 -0.0753865282125 0.2)
(-0.195620002353 -0.075211204687 0.2)
(-0.192118121413 -0.0750357443419 0.2)
(-0.188604845783 -0.0748602503161 0.2)
(-0.185080358258 -0.0746848254712 0.2)
(-0.181544842288 -0.0745095723575 0.2)
(-0.177998481984 -0.0743345931803 0.2)
(-0.174441462124 -0.0741599897661 0.2)
(-0.170873968152 -0.0739858635284 0.2)
(-0.167296186193 -0.0738123154338 0.2)
(-0.163708303049 -0.0736394459674 0.2)
(-0.160110506207 -0.0734673550991 0.2)
(-0.156502983844 -0.0732961422492 0.2)
(-0.15288592483 -0.073125906254 0.2)
(-0.149259518731 -0.0729567453317 0.2)
(-0.145623955817 -0.0727887570483 0.2)
(-0.141979427058 -0.0726220382834 0.2)
(-0.138326124137 -0.0724566851964 0.2)
(-0.134664239443 -0.0722927931923 0.2)
(-0.130993966083 -0.0721304568878 0.2)
(-0.127315497878 -0.0719697700782 0.2)
(-0.123629029367 -0.0718108257033 0.2)
(-0.119934755812 -0.0716537158145 0.2)
(-0.116232873195 -0.0714985315417 0.2)
(-0.112523578224 -0.07134536306 0.2)
(-0.108807068329 -0.0711942995577 0.2)
(-0.105083541668 -0.0710454292035 0.2)
(-0.101353197125 -0.0708988391146 0.2)
(-0.0975767491611 -0.0707538133505 0.2)
(-0.0937716337342 -0.0706075445089 0.2)
(-0.0899605452633 -0.0704598386399 0.2)
(-0.0861437061606 -0.0703107599181 0.2)
(-0.082321339348 -0.0701603721706 0.2)
(-0.0784936682471 -0.0700087388544 0.2)
(-0.0746609167703 -0.0698559230331 0.2)
(-0.0708233093103 -0.0697019873546 0.2)
(-0.0669810707305 -0.0695469940285 0.2)
(-0.0631344263543 -0.0693910048045 0.2)
(-0.0592836019555 -0.0692340809506 0.2)
(-0.0554288237474 -0.0690762832319 0.2)
(-0.0515703183718 -0.06891767189 0.2)
(-0.047708312889 -0.0687583066221 0.2)
(-0.0438430347661 -0.0685982465616 0.2)
(-0.0399747118664 -0.068437550258 0.2)
(-0.0361035724376 -0.0682762756577 0.2)
(-0.0322298451007 -0.0681144800857 0.2)
(-0.0283537588387 -0.0679522202269 0.2)
(-0.024475542984 -0.0677895521087 0.2)
(-0.0205954272074 -0.067626531083 0.2)
(-0.0167136415055 -0.0674632118101 0.2)
(-0.0128304161889 -0.0672996482419 0.2)
(-0.00894598186941 -0.0671358936061 0.2)
(-0.00506056944812 -0.0669720003912 0.2)
(-0.00117441010245 -0.0668080203312 0.2)
)
spline 22 23
(
(-0.00117441010245 -0.0668080203312 0.2)
(0.00271226472648 -0.0666440043915 0.2)
(0.00659922334671 -0.0664800027554 0.2)
(0.0104862338285 -0.0663160648108 0.2)
(0.0143730640172 -0.0661522391371 0.2)
(0.0182594815471 -0.0659885734939 0.2)
(0.0221452538541 -0.0658251148089 0.2)
(0.0260301481894 -0.0656619091671 0.2)
(0.0299139316337 -0.0654990018005 0.2)
(0.0337963711099 -0.0653364370781 0.2)
(0.0376772333977 -0.065174258497 0.2)
(0.0415562851472 -0.0650125086734 0.2)
(0.0454332928933 -0.0648512293348 0.2)
(0.0493080230691 -0.0646904613122 0.2)
(0.0531802420208 -0.0645302445338 0.2)
(0.0570497160219 -0.064370618018 0.2)
(0.0609162112873 -0.0642116198681 0.2)
(0.0647794939881 -0.0640532872672 0.2)
(0.0686393302662 -0.0638956564734 0.2)
(0.0724954862485 -0.0637387628162 0.2)
(0.0763477280622 -0.0635826406929 0.2)
(0.0801958218493 -0.0634273235656 0.2)
(0.0840395337816 -0.0632728439599 0.2)
(0.0878786300754 -0.063119233462 0.2)
(0.0917128770067 -0.0629665227187 0.2)
(0.0955420409262 -0.0628147414365 0.2)
(0.0993658882744 -0.0626639183818 0.2)
(0.103184185597 -0.0625140813814 0.2)
(0.106996699559 -0.0623652573237 0.2)
(0.110803196962 -0.0622174721609 0.2)
(0.114603444757 -0.0620707509108 0.2)
(0.118397210062 -0.0619251176597 0.2)
(0.122184260176 -0.0617805955662 0.2)
(0.125964362595 -0.0616372068647 0.2)
(0.129737285027 -0.0614949728697 0.2)
(0.133502795407 -0.0613539139812 0.2)
(0.137260661913 -0.0612140496899 0.2)
(0.141010652983 -0.0610753985828 0.2)
(0.144752537328 -0.0609379783502 0.2)
(0.148486083948 -0.0608018057921 0.2)
(0.15221106215 -0.0606668968256 0.2)
(0.155927241559 -0.0605332664928 0.2)
(0.159634392137 -0.060400928969 0.2)
(0.163332284199 -0.0602698975715 0.2)
(0.167020688426 -0.060140184768 0.2)
(0.170699375882 -0.0600118021871 0.2)
(0.174368118029 -0.0598847606274 0.2)
(0.178026686743 -0.059759070068 0.2)
(0.181674854329 -0.0596347396791 0.2)
(0.185312393536 -0.0595117778333 0.2)
(0.188939077577 -0.0593901921163 0.2)
(0.192554680136 -0.0592699893392 0.2)
(0.196158975391 -0.0591511755503 0.2)
(0.199751738026 -0.059033756047 0.2)
(0.203332743247 -0.0589177353893 0.2)
(0.206901766798 -0.0588031174117 0.2)
(0.210458584976 -0.0586899052371 0.2)
(0.214002974645 -0.0585781012896 0.2)
(0.217534713254 -0.058467707309 0.2)
(0.221053578852 -0.0583587243636 0.2)
(0.224559350099 -0.0582511528653 0.2)
(0.228051806288 -0.0581449925833 0.2)
(0.231530727355 -0.0580402426588 0.2)
(0.234995893895 -0.0579369016196 0.2)
(0.238447087181 -0.057834967395 0.2)
(0.241884089175 -0.0577344373308 0.2)
(0.245306682545 -0.0576353082041 0.2)
(0.248714650677 -0.0575375762391 0.2)
(0.252107777697 -0.0574412371218 0.2)
(0.255485848478 -0.0573462860159 0.2)
(0.258848648662 -0.0572527175781 0.2)
(0.262195964669 -0.0571605259734 0.2)
(0.265527583717 -0.0570697048914 0.2)
(0.268843293833 -0.0569802475613 0.2)
(0.272142883869 -0.0568921467677 0.2)
(0.275426143521 -0.0568053948667 0.2)
(0.278692863336 -0.0567199838011 0.2)
(0.281942834733 -0.0566359051162 0.2)
(0.285175850017 -0.0565531499755 0.2)
(0.28839170239 -0.0564717091764 0.2)
(0.291590185971 -0.0563915731656 0.2)
(0.294771095806 -0.0563127320547 0.2)
(0.297934227885 -0.0562351756353 0.2)
(0.301079379157 -0.0561588933948 0.2)
(0.304206347544 -0.0560838745314 0.2)
(0.307314931955 -0.0560101079691 0.2)
(0.310404932302 -0.0559375823728 0.2)
(0.313476149512 -0.0558662861632 0.2)
(0.316528385544 -0.0557962075315 0.2)
(0.319561443403 -0.0557273344541 0.2)
(0.322575127153 -0.0556596547067 0.2)
(0.325569241934 -0.0555931558787 0.2)
(0.328543593973 -0.0555278253873 0.2)
(0.331497990602 -0.0554636504915 0.2)
(0.334432240268 -0.0554006183055 0.2)
(0.337346152554 -0.0553387158122 0.2)
(0.340239538186 -0.0552779298765 0.2)
(0.34311220905 -0.0552182472587 0.2)
(0.345963978211 -0.0551596546266 0.2)
(0.348794659918 -0.0551021385685 0.2)
(0.351604069626 -0.0550456856057 0.2)
(0.354392024007 -0.0549902822039 0.2)
(0.357158340964 -0.0549359147859 0.2)
(0.359902839646 -0.0548825697424 0.2)
(0.362625340463 -0.0548302334437 0.2)
(0.365325665097 -0.0547788922506 0.2)
(0.368003636518 -0.0547285325252 0.2)
(0.370659079001 -0.0546791406413 0.2)
(0.373291818133 -0.0546307029947 0.2)
(0.375901680833 -0.0545832060129 0.2)
(0.378488495365 -0.0545366361648 0.2)
(0.381052091349 -0.0544909799703 0.2)
(0.383592299778 -0.0544462240089 0.2)
(0.386108953031 -0.0544023549285 0.2)
(0.388601884885 -0.0543593594541 0.2)
(0.391070930532 -0.0543172243955 0.2)
(0.39351592659 -0.0542759366558 0.2)
(0.395936711119 -0.054235483238 0.2)
(0.398333123634 -0.0541958512531 0.2)
(0.400705005116 -0.0541570279263 0.2)
(0.40305219803 -0.0541190006043 0.2)
(0.405374546336 -0.054081756761 0.2)
(0.407671895504 -0.0540452840038 0.2)
(0.409944092524 -0.0540095700796 0.2)
(0.412190985927 -0.0539746028796 0.2)
(0.414412425787 -0.0539403704448 0.2)
(0.416608263748 -0.0539068609709 0.2)
(0.418778353024 -0.0538740628128 0.2)
(0.420922548423 -0.0538419644885 0.2)
(0.423040706353 -0.0538105546837 0.2)
(0.42513268484 -0.0537798222549 0.2)
(0.427198343537 -0.0537497562332 0.2)
(0.429237543741 -0.0537203458273 0.2)
(0.431250148403 -0.0536915804265 0.2)
(0.433236022141 -0.053663449603 0.2)
(0.435195031257 -0.0536359431146 0.2)
(0.437127043742 -0.0536090509066 0.2)
(0.439031929296 -0.0535827631138 0.2)
(0.440909559339 -0.053557070062 0.2)
(0.442759807018 -0.0535319622692 0.2)
(0.444582547228 -0.0535074304472 0.2)
(0.446377656618 -0.053483465502 0.2)
(0.448145013605 -0.053460058535 0.2)
(0.449884498386 -0.0534372008429 0.2)
(0.451595992954 -0.0534148839185 0.2)
(0.453279381102 -0.0533930994504 0.2)
(0.45493454844 -0.0533718393232 0.2)
(0.456561382409 -0.053351095617 0.2)
(0.458159772286 -0.0533308606067 0.2)
(0.459729609201 -0.0533111267618 0.2)
(0.461270786145 -0.0532918867454 0.2)
(0.462783197983 -0.053273133413 0.2)
(0.464266741465 -0.0532548598118 0.2)
(0.465721315236 -0.0532370591789 0.2)
(0.467146819848 -0.0532197249405 0.2)
(0.46854315777 -0.0532028507097 0.2)
(0.469910233398 -0.0531864302855 0.2)
(0.471247953066 -0.0531704576506 0.2)
(0.472556225056 -0.0531549269698 0.2)
(0.47383495961 -0.0531398325878 0.2)
(0.475084068936 -0.0531251690273 0.2)
(0.47630346722 -0.053110930987 0.2)
(0.477493070637 -0.0530971133391 0.2)
(0.478652797357 -0.0530837111273 0.2)
(0.479782567557 -0.0530707195644 0.2)
(0.480882303428 -0.0530581340298 0.2)
(0.481951929185 -0.0530459500672 0.2)
(0.482991371078 -0.0530341633825 0.2)
(0.484000557394 -0.0530227698407 0.2)
(0.48497941847 -0.0530117654637 0.2)
(0.485927886703 -0.053001146428 0.2)
(0.486845896552 -0.052990909062 0.2)
(0.48773338455 -0.0529810498434 0.2)
(0.488590289309 -0.052971565397 0.2)
(0.489416551529 -0.0529624524918 0.2)
(0.490212114003 -0.0529537080392 0.2)
(0.490976921628 -0.0529453290898 0.2)
(0.491710921406 -0.0529373128317 0.2)
(0.492414062452 -0.0529296565876 0.2)
(0.493086296003 -0.0529223578131 0.2)
(0.493727575421 -0.0529154140937 0.2)
(0.494337856198 -0.0529088231433 0.2)
(0.494917095964 -0.0529025828017 0.2)
(0.49546525449 -0.0528966910329 0.2)
(0.495982293695 -0.0528911459224 0.2)
(0.496468177647 -0.0528859456763 0.2)
(0.496922872571 -0.0528810886185 0.2)
(0.497346346852 -0.0528765731899 0.2)
(0.497738571036 -0.052872397946 0.2)
(0.49809951784 -0.0528685615557 0.2)
(0.498429162149 -0.0528650627999 0.2)
(0.49872748102 -0.05286190057 0.2)
(0.49899445369 -0.052859073867 0.2)
(0.499230061574 -0.0528565817998 0.2)
(0.499434288265 -0.0528544235847 0.2)
(0.499607119542 -0.0528525985444 0.2)
(0.49974854337 -0.052851106107 0.2)
(0.499858549898 -0.0528499458055 0.2)
(0.499937131463 -0.0528491172774 0.2)
(0.499984282592 -0.052848620264 0.2)
(0.5 -0.05284845461 0.2)
)
spline 20 21
(
(-0.5 -0.05284845461 0.2)
(-0.499963659034 -0.0465188402412 0.2)
(-0.499802304294 -0.0457966072234 0.2)
(-0.499609419184 -0.0450706814558 0.2)
(-0.499384991237 -0.0443410976521 0.2)
(-0.499129009941 -0.0436078933701 0.2)
(-0.498841466736 -0.0428711090003 0.2)
(-0.498522355028 -0.0421307877534 0.2)
(-0.498171670192 -0.0413869756466 0.2)
(-0.49778940958 -0.0406397214887 0.2)
(-0.497375572528 -0.0398890768637 0.2)
(-0.496930160364 -0.0391350961142 0.2)
(-0.496453176413 -0.0383778363222 0.2)
(-0.495944626009 -0.03761735729 0.2)
(-0.495404516497 -0.036853721519 0.2)
(-0.494832857247 -0.0360869941884 0.2)
(-0.49422965966 -0.0353172431316 0.2)
(-0.493594937175 -0.0345445388124 0.2)
(-0.492928705277 -0.0337689542994 0.2)
(-0.492230981509 -0.0329905652404 0.2)
(-0.49150178548 -0.0322094498341 0.2)
(-0.490741138871 -0.0314256888021 0.2)
(-0.489949065445 -0.0306393653596 0.2)
(-0.48912559106 -0.0298505651843 0.2)
(-0.488270743673 -0.0290593763852 0.2)
(-0.487384553352 -0.02826588947 0.2)
(-0.486467052283 -0.0274701973113 0.2)
(-0.485518274783 -0.0266723951124 0.2)
(-0.484538257307 -0.0258725803717 0.2)
(-0.483527038456 -0.0250708528461 0.2)
(-0.48248465899 -0.0242673145141 0.2)
(-0.481411161835 -0.023462069537 0.2)
(-0.480306592092 -0.0226552242204 0.2)
(-0.479170997047 -0.0218468869737 0.2)
(-0.47800442618 -0.0210371682698 0.2)
(-0.476806931177 -0.0202261806029 0.2)
(-0.475578565934 -0.0194140384467 0.2)
(-0.47431938657 -0.0186008582108 0.2)
(-0.473029451433 -0.0177867581967 0.2)
(-0.471708821112 -0.0169718585536 0.2)
(-0.470357558444 -0.0161562812324 0.2)
(-0.46897572852 -0.0153401499399 0.2)
(-0.467563398699 -0.014523590092 0.2)
(-0.466120638612 -0.0137067287664 0.2)
(-0.464647520169 -0.0128896946544 0.2)
(-0.463144117571 -0.0120726180123 0.2)
(-0.461610507314 -0.0112556306123 0.2)
(-0.460046768198 -0.0104388656926 0.2)
(-0.458452981334 -0.00962245790715 0.2)
(-0.456829230149 -0.00880654327503 0.2)
(-0.455175600393 -0.00799125912893 0.2)
(-0.453492180149 -0.00717674406354 0.2)
(-0.451779059834 -0.00636313788341 0.2)
(-0.450036332204 -0.00555058155035 0.2)
(-0.448264092366 -0.00473921713049 0.2)
(-0.446462437775 -0.00392918774103 0.2)
(-0.444631468243 -0.00312063749652 0.2)
(-0.442771285943 -0.00231371145502 0.2)
(-0.440881995409 -0.00150855556384 0.2)
(-0.438963703544 -0.000705316605069 0.2)
(-0.437016519621 9.58578590911e-05 0.2)
(-0.435040555285 0.000894819541245 0.2)
(-0.433035924556 0.00169141948387 0.2)
(-0.431002743827 0.00248550811454 0.2)
(-0.428941131873 0.00327693530128 0.2)
(-0.426851209843 0.00406555040803 0.2)
(-0.424733101265 0.00485120235014 0.2)
(-0.422586932045 0.00563373964998 0.2)
(-0.420412830466 0.00641301049253 0.2)
(-0.418210927186 0.00718886278097 0.2)
(-0.415981355236 0.00796114419226 0.2)
(-0.41372425002 0.00872970223265 0.2)
(-0.411439749308 0.00949438429315 0.2)
(-0.409127993237 0.0102550377049 0.2)
(-0.406789124303 0.0110115097942 0.2)
(-0.40442328736 0.0117636479378 0.2)
(-0.402030629611 0.0125112996179 0.2)
(-0.399611300606 0.0132543124763 0.2)
(-0.397165452234 0.0139925343695 0.2)
(-0.394693238716 0.0147258134225 0.2)
(-0.392194816596 0.015453998083 0.2)
(-0.389670344738 0.0161769371749 0.2)
(-0.387119984312 0.0168944799517 0.2)
(-0.384543898787 0.0176064761495 0.2)
(-0.381942253922 0.0183127760397 0.2)
(-0.379315217753 0.0190132304813 0.2)
(-0.376662960585 0.0197076909725 0.2)
(-0.373985654979 0.0203960097023 0.2)
(-0.371283475739 0.0210780396017 0.2)
(-0.3685565999 0.0217536343939 0.2)
(-0.365805206715 0.0224226486444 0.2)
(-0.36302947764 0.0230849378106 0.2)
(-0.36022959632 0.0237403582908 0.2)
(-0.357405748575 0.0243887674726 0.2)
(-0.354558122381 0.0250300237808 0.2)
(-0.351686907855 0.0256639867247 0.2)
(-0.34879229724 0.0262905169449 0.2)
(-0.345874484886 0.0269094762592 0.2)
(-0.342933667231 0.0275207277082 0.2)
(-0.339970042783 0.0281241356002 0.2)
(-0.3369838121 0.028719565555 0.2)
(-0.333975177773 0.0293068845477 0.2)
(-0.330944344403 0.0298859609512 0.2)
(-0.327891518578 0.0304566645787 0.2)
(-0.324816908858 0.0310188667244 0.2)
(-0.321720725746 0.0315724402045 0.2)
(-0.318603181671 0.032117259397 0.2)
(-0.315464490961 0.0326532002807 0.2)
(-0.312304869822 0.0331801404734 0.2)
(-0.309124536312 0.0336979592698 0.2)
(-0.305923710319 0.0342065376779 0.2)
(-0.302702613533 0.0347057584549 0.2)
(-0.299461469424 0.0351955061424 0.2)
(-0.296200503213 0.0356756671009 0.2)
(-0.292919941847 0.036146129543 0.2)
(-0.289620013971 0.0366067835658 0.2)
(-0.286300949906 0.0370575211833 0.2)
(-0.282962981612 0.0374982363568 0.2)
(-0.27960634267 0.0379288250249 0.2)
(-0.276231268248 0.0383491851333 0.2)
(-0.272837995071 0.0387592166623 0.2)
(-0.269426761398 0.0391588216552 0.2)
(-0.265997806986 0.0395479042438 0.2)
(-0.262551373067 0.039926370675 0.2)
(-0.259087702311 0.0402941293352 0.2)
(-0.255607038801 0.0406510907743 0.2)
(-0.252109628 0.0409971677287 0.2)
(-0.248595716721 0.0413322751436 0.2)
(-0.245065553095 0.0416563301942 0.2)
(-0.241519386542 0.041969252306 0.2)
(-0.237957467737 0.0422709631745 0.2)
(-0.234380048578 0.0425613867837 0.2)
(-0.230787382157 0.0428404494238 0.2)
(-0.227179722726 0.0431080797082 0.2)
(-0.223557325664 0.0433642085896 0.2)
(-0.219920447448 0.0436087693747 0.2)
(-0.216269345615 0.0438416977389 0.2)
(-0.212604278736 0.0440629317396 0.2)
(-0.208925506376 0.0442724118284 0.2)
(-0.20523328907 0.0444700808633 0.2)
(-0.201527888282 0.0446558841193 0.2)
(-0.197809566375 0.0448297692983 0.2)
(-0.194078586583 0.0449916865385 0.2)
(-0.190335212968 0.0451415884226 0.2)
(-0.186579710397 0.0452794299855 0.2)
(-0.182812344503 0.0454051687208 0.2)
(-0.179033381656 0.0455187645869 0.2)
(-0.175243088925 0.0456201800123 0.2)
(-0.171441734052 0.0457093798995 0.2)
(-0.167629585413 0.0457863316291 0.2)
(-0.163806911991 0.0458510050625 0.2)
(-0.159973983337 0.0459033725437 0.2)
(-0.156131069545 0.0459434089011 0.2)
(-0.152278441213 0.0459710914479 0.2)
(-0.148416369416 0.045986399982 0.2)
(-0.14454512567 0.0459893167853 0.2)
(-0.140664981903 0.0459798266222 0.2)
(-0.136776210422 0.0459579167376 0.2)
(-0.132879083882 0.0459235768538 0.2)
(-0.128973875255 0.0458767991672 0.2)
(-0.125060857797 0.0458175783442 0.2)
(-0.121140305021 0.0457459115167 0.2)
(-0.11721249066 0.0456617982762 0.2)
(-0.113277688645 0.0455652406684 0.2)
(-0.109336173068 0.0454562431866 0.2)
(-0.105388218153 0.0453348127642 0.2)
(-0.101434098232 0.0452009587676 0.2)
(-0.097513572855 0.0450555649672 0.2)
(-0.0936096808516 0.0449017891098 0.2)
(-0.0897002033299 0.0447399469117 0.2)
(-0.0857853941188 0.0445700742863 0.2)
(-0.0818655072209 0.0443922083973 0.2)
(-0.0779407967931 0.0442063876434 0.2)
(-0.0740115171266 0.0440126516441 0.2)
(-0.0700779226272 0.0438110412242 0.2)
(-0.0661402677961 0.0436015983996 0.2)
(-0.06219880721 0.0433843663617 0.2)
(-0.0582537955023 0.0431593894629 0.2)
(-0.0543054873437 0.0429267132011 0.2)
(-0.0503541374232 0.0426863842049 0.2)
(-0.0464000004295 0.0424384502183 0.2)
(-0.0424433310318 0.0421829600858 0.2)
(-0.0384843838615 0.0419199637373 0.2)
(-0.0345234134936 0.0416495121727 0.2)
(-0.0305606744286 0.0413716574472 0.2)
(-0.0265964210738 0.0410864526565 0.2)
(-0.0226309077256 0.0407939519211 0.2)
(-0.0186643885517 0.0404942103724 0.2)
(-0.0146971175726 0.040187284137 0.2)
(-0.0107293486447 0.0398732303226 0.2)
(-0.00676133544241 0.0395521070032 0.2)
(-0.00279333144059 0.0392239732043 0.2)
(0.00117441010244 0.0388888888889 0.2)
)
spline 21 23
(
(0.00117441010244 0.0388888888889 0.2)
(0.00514163616223 0.0385469149429 0.2)
(0.00910809396511 0.0381981131608 0.2)
(0.0130735310051 0.0378425462323 0.2)
(0.0170376950609 0.0374802777272 0.2)
(0.021000334212 0.0371113720829 0.2)
(0.0249611968556 0.0367358945898 0.2)
(0.028920031723 0.0363539113783 0.2)
(0.0328765878956 0.0359654894052 0.2)
(0.0368306148213 0.0355706964406 0.2)
(0.0407818623302 0.0351696010551 0.2)
(0.0447300806507 0.0347622726066 0.2)
(0.0486750204252 0.0343487812279 0.2)
(0.052616432726 0.033929197814 0.2)
(0.0565540690702 0.03350359401 0.2)
(0.060487681436 0.0330720421988 0.2)
(0.064417022277 0.0326346154891 0.2)
(0.0683418445384 0.0321913877037 0.2)
(0.0722619016714 0.031742433368 0.2)
(0.0761769476484 0.0312878276984 0.2)
(0.080086736978 0.0308276465912 0.2)
(0.0839910247195 0.0303619666115 0.2)
(0.0878895664978 0.0298908649823 0.2)
(0.0917821185178 0.029414419574 0.2)
(0.0956684375791 0.0289327088936 0.2)
(0.09954828109 0.0284458120748 0.2)
(0.103421407082 0.0279538088673 0.2)
(0.107287574225 0.0274567796274 0.2)
(0.111146541838 0.0269548053078 0.2)
(0.114998069908 0.0264479674483 0.2)
(0.118841919099 0.0259363481658 0.2)
(0.122677850771 0.0254200301459 0.2)
(0.126505626989 0.0248990966326 0.2)
(0.130325010538 0.0243736314205 0.2)
(0.134135764939 0.023843718845 0.2)
(0.137937654458 0.023309443774 0.2)
(0.141730444126 0.0227708915996 0.2)
(0.145513899745 0.022228148229 0.2)
(0.149287787904 0.0216813000771 0.2)
(0.153051875996 0.0211304340573 0.2)
(0.156805932225 0.0205756375743 0.2)
(0.160549725623 0.0200169985156 0.2)
(0.164283026061 0.0194546052439 0.2)
(0.168005604263 0.0188885465894 0.2)
(0.171717231819 0.0183189118419 0.2)
(0.175417681195 0.0177457907432 0.2)
(0.17910672575 0.0171692734798 0.2)
(0.182784139745 0.0165894506754 0.2)
(0.186449698356 0.0160064133834 0.2)
(0.190103177689 0.0154202530794 0.2)
(0.193744354788 0.0148310616544 0.2)
(0.197373007652 0.014238931407 0.2)
(0.200988915244 0.0136439550363 0.2)
(0.204591857503 0.013046225635 0.2)
(0.208181615358 0.0124458366815 0.2)
(0.21175797074 0.0118428820333 0.2)
(0.21532070659 0.0112374559197 0.2)
(0.218869606876 0.010629652934 0.2)
(0.222404456602 0.0100195680269 0.2)
(0.225925041819 0.00940729649883 0.2)
(0.22943114964 0.00879293399254 0.2)
(0.232922568247 0.00817657648593 0.2)
(0.236399086906 0.00755832028444 0.2)
(0.239860495975 0.00693826201352 0.2)
(0.24330658692 0.00631649861103 0.2)
(0.246737152322 0.00569312731957 0.2)
(0.250151985888 0.00506824567864 0.2)
(0.253550882466 0.00444195151676 0.2)
(0.256933638054 0.00381434294347 0.2)
(0.260300049807 0.00318551834122 0.2)
(0.263649916054 0.00255557635708 0.2)
(0.266983036305 0.00192461589438 0.2)
(0.270299211262 0.0012927361042 0.2)
(0.27359824283 0.000660036376634 0.2)
(0.276879934129 2.66163320339e-05 0.2)
(0.280144089499 -0.000607424188044 0.2)
(0.283390514516 -0.00124198512998 0.2)
(0.286619016001 -0.00187696623745 0.2)
(0.289829402026 -0.00251226706094 0.2)
(0.29302148193 -0.00314778696746 0.2)
(0.296195066322 -0.0037834251505 0.2)
(0.299349967097 -0.00441908064008 0.2)
(0.302485997441 -0.00505465231312 0.2)
(0.305602971845 -0.005690038904 0.2)
(0.308700706109 -0.00632513901523 0.2)
(0.311779017354 -0.00695985112853 0.2)
(0.314837724034 -0.00759407361596 0.2)
(0.317876645937 -0.0082277047514 0.2)
(0.320895604205 -0.00886064272221 0.2)
(0.323894421331 -0.00949278564113 0.2)
(0.326872921177 -0.0101240315585 0.2)
(0.329830928978 -0.0107542784745 0.2)
(0.332768271351 -0.011383424352 0.2)
(0.335684776303 -0.0120113671294 0.2)
(0.338580273241 -0.0126380047337 0.2)
(0.341454592979 -0.013263235094 0.2)
(0.344307567743 -0.013886956155 0.2)
(0.347139031184 -0.0145090658913 0.2)
(0.349948818382 -0.0151294623211 0.2)
(0.352736765853 -0.0157480435211 0.2)
(0.355502711561 -0.0163647076407 0.2)
(0.358246494919 -0.0169793529175 0.2)
(0.360967956799 -0.0175918776921 0.2)
(0.363666939542 -0.0182021804237 0.2)
(0.366343286958 -0.0188101597059 0.2)
(0.368996844339 -0.0194157142826 0.2)
(0.37162745846 -0.0200187430643 0.2)
(0.374234977591 -0.0206191451444 0.2)
(0.376819251498 -0.0212168198161 0.2)
(0.379380131452 -0.0218116665896 0.2)
(0.381917470235 -0.0224035852086 0.2)
(0.384431122144 -0.0229924756684 0.2)
(0.386920942997 -0.0235782382336 0.2)
(0.389386790141 -0.0241607734553 0.2)
(0.391828522453 -0.0247399821901 0.2)
(0.394246000349 -0.0253157656179 0.2)
(0.396639085786 -0.0258880252605 0.2)
(0.399007642268 -0.0264566630008 0.2)
(0.401351534853 -0.0270215811011 0.2)
(0.403670630154 -0.0275826822229 0.2)
(0.405964796345 -0.0281398694456 0.2)
(0.408233903165 -0.0286930462868 0.2)
(0.410477821921 -0.0292421167213 0.2)
(0.412696425496 -0.0297869852014 0.2)
(0.414889588348 -0.0303275566767 0.2)
(0.417057186515 -0.0308637366143 0.2)
(0.419199097621 -0.0313954310194 0.2)
(0.421315200875 -0.0319225464552 0.2)
(0.423405377079 -0.032444990064 0.2)
(0.425469508629 -0.0329626695875 0.2)
(0.427507479515 -0.033475493388 0.2)
(0.429519175328 -0.0339833704689 0.2)
(0.431504483263 -0.0344862104956 0.2)
(0.433463292117 -0.0349839238171 0.2)
(0.435395492297 -0.0354764214865 0.2)
(0.437300975816 -0.0359636152825 0.2)
(0.439179636302 -0.0364454177305 0.2)
(0.441031368995 -0.0369217421237 0.2)
(0.44285607075 -0.0373925025448 0.2)
(0.444653640041 -0.0378576138867 0.2)
(0.44642397696 -0.0383169918741 0.2)
(0.44816698322 -0.0387705530846 0.2)
(0.449882562156 -0.0392182149701 0.2)
(0.451570618726 -0.0396598958779 0.2)
(0.453231059512 -0.0400955150716 0.2)
(0.454863792723 -0.0405249927527 0.2)
(0.456468728195 -0.040948250081 0.2)
(0.458045777389 -0.0413652091961 0.2)
(0.459594853398 -0.0417757932377 0.2)
(0.46111587094 -0.0421799263667 0.2)
(0.462608746367 -0.0425775337857 0.2)
(0.464073397657 -0.0429685417591 0.2)
(0.465509744423 -0.0433528776341 0.2)
(0.466917707907 -0.0437304698604 0.2)
(0.468297210982 -0.04410124801 0.2)
(0.469648178152 -0.0444651427975 0.2)
(0.470970535556 -0.0448220860995 0.2)
(0.472264210962 -0.0451720109739 0.2)
(0.473529133771 -0.0455148516791 0.2)
(0.474765235015 -0.045850543693 0.2)
(0.475972447359 -0.0461790237319 0.2)
(0.477150705099 -0.0465002297686 0.2)
(0.478299944161 -0.0468141010507 0.2)
(0.479420102105 -0.0471205781188 0.2)
(0.48051111812 -0.0474196028235 0.2)
(0.481572933026 -0.0477111183435 0.2)
(0.482605489272 -0.047995069202 0.2)
(0.483608730939 -0.0482714012834 0.2)
(0.484582603735 -0.0485400618501 0.2)
(0.485527054998 -0.0488009995581 0.2)
(0.486442033694 -0.0490541644728 0.2)
(0.487327490418 -0.0492995080841 0.2)
(0.488183377389 -0.0495369833216 0.2)
(0.489009648456 -0.0497665445689 0.2)
(0.489806259093 -0.0499881476777 0.2)
(0.4905731664 -0.0502017499818 0.2)
(0.4913103291 -0.05040731031 0.2)
(0.492017707544 -0.0506047889992 0.2)
(0.492695263703 -0.0507941479068 0.2)
(0.493342961173 -0.0509753504228 0.2)
(0.493960765175 -0.0511483614811 0.2)
(0.494548642547 -0.051313147571 0.2)
(0.495106561753 -0.0514696767475 0.2)
(0.495634492876 -0.0516179186414 0.2)
(0.49613240762 -0.0517578444693 0.2)
(0.496600279308 -0.0518894270427 0.2)
(0.497038082884 -0.0520126407766 0.2)
(0.49744579491 -0.0521274616977 0.2)
(0.497823393567 -0.0522338674521 0.2)
(0.498170858653 -0.052331837313 0.2)
(0.498488171585 -0.0524213521863 0.2)
(0.498775315396 -0.0525023946181 0.2)
(0.499032274738 -0.0525749487991 0.2)
(0.499259035877 -0.0526390005707 0.2)
(0.499455586697 -0.052694537429 0.2)
(0.499621916698 -0.0527415485292 0.2)
(0.499758016996 -0.0527800246887 0.2)
(0.49986388032 -0.0528099583905 0.2)
(0.499939501018 -0.0528313437857 0.2)
(0.499984875053 -0.0528441766949 0.2)
(0.5 -0.05284845461 0.2)
)
);
boundary
(
    top
{
        type wall;
faces
(
        (8 9 21 20)
        (9 11 23 21)
    );
}
    
    bottom
{
        type wall;
faces
(
        (8 10 22 20)
        (10 11 23 22)
    );
}
    
    frontAndBack
{
        type empty;
faces
(
        (8 0 1 10)
        (11 10 1 2)
        (4 11 2 3)
        (7 0 8 9)
        (6 7 9 11)
        (5 6 11 4)
        (20 12 13 22)
        (23 22 13 14)
        (16 23 14 15)
        (19 12 20 21)
        (18 19 21 23)
        (17 18 23 16)
    );
}
    
    inlet
{
        type patch;
faces
(
        (7 0 12 19)
        (0 1 13 12)
    );
}
    
    outlet
{
        type patch;
faces
(
        (4 5 17 16)
        (3 4 16 15)
    );
}
    
    sides
{
        type patch;
faces
(
        (6 7 19 18)
        (5 6 18 17)
        (2 3 15 14)
        (1 2 14 13)
    );
}
    

    );

mergePatchPairs
(
);
