                    0
1.4583333333333332593
2.9166666666666665186
                4.375
5.8333333333333330373
7.2916666666666660745
                 8.75
10.208333333333332149
11.666666666666666075
               13.125
14.583333333333332149
16.041666666666664298
                 17.5
18.958333333333332149
20.416666666666664298
               21.875
23.333333333333332149
24.791666666666664298
                26.25
27.708333333333332149
29.166666666666664298
               30.625
32.083333333333328596
33.541666666666664298
                   35
