0.0011777375825111466214
 0.007927734585771213302
0.0077590253025055979513
 0.006662767540022157195
0.0049940717104096305282
 0.000328457802212078927
 0.002059162092161905943
0.0072381992480010717839
 0.004943515784895753315
0.0019804137532927162772
0.0077834521386928173792
0.0085280154577866262161
0.0034557234254552629885
  0.00181428827353021546
0.0052904457412010262932
0.0021592379897456795597
0.0056385591691353164484
0.0090586960164032396398
0.0050465061609896392364
 0.007723894482429090845
